depth,delta_GR
3.1719,1.4482980000000003
3.3243,0.5086330000000006
3.4767,1.2692050000000012
3.6291,1.6026609999999994
3.7815,2.231184
3.9339,1.552697000000001
4.0863,1.3218450000000006
4.2387,0.04628399999999999
4.3911,0.1824399999999997
4.5435,-0.19521100000000047
4.6959,-0.1668800000000008
4.8483,0.6417710000000003
5.0007,1.0639149999999997
5.1531,1.0706129999999998
5.3055,0.03113300000000052
5.4579,0.6453290000000003
5.6103,0.18172799999999967
5.7627,-0.8639589999999995
5.9151,-0.6752409999999998
6.0675,-0.697946
6.2199,-0.3534889999999997
6.3723,-0.412624000000001
6.5247,-1.9999160000000007
6.6771,-1.7832659999999994
6.8295,-0.6125519999999991
6.9819,1.1184439999999984
7.1343,0.4734239999999996
7.2867,-0.03002899999999986
7.4391,0.9087139999999998
7.5915,1.1022960000000008
7.7439,1.0930940000000007
7.8963,0.031175999999999426
8.0487,0.7739659999999997
8.2011,1.6591389999999997
8.3535,2.0458670000000003
8.5059,0.37264300000000006
8.6583,1.185563000000001
8.8107,0.931171
8.9631,0.9033589999999991
9.1155,0.7984530000000003
9.2679,0.9319879999999987
9.4203,1.815175
9.5727,3.1534359999999992
9.7251,1.9608169999999987
9.8775,0.022793999999999315
10.0299,-0.6280969999999986
10.1823,0.2804690000000001
10.3347,1.8792999999999989
10.4871,1.1374330000000006
10.6395,0.4357989999999994
10.7919,-0.8904060000000005
10.9443,-1.0127879999999996
11.0967,-1.1920029999999997
11.2491,-2.0319589999999996
11.4015,-1.6455210000000005
11.5539,-0.7382759999999999
11.7063,-1.237350000000001
11.8587,-0.6360380000000001
12.0111,-1.5830719999999996
12.1635,-1.6607520000000005
12.3159,-2.4025549999999996
12.4683,-2.729361999999999
12.6207,-3.2279529999999994
12.7731,-2.5136519999999996
12.9255,-2.0055739999999993
13.0779,-2.1176850000000007
13.2303,-1.8689310000000008
13.3827,-1.3473669999999993
13.5351,-1.690747
13.6875,-0.5935380000000006
13.8399,0.20761699999999994
13.9923,1.3176949999999996
14.1447,0.4700199999999999
14.2971,-0.9848910000000002
14.4495,-1.2420110000000006
14.6019,-0.9840580000000001
14.7543,0.07588799999999996
14.9067,-0.4132850000000001
15.0591,-0.6257229999999998
15.2115,-1.1635970000000002
15.3639,-1.0264819999999997
15.5163,-0.06543900000000047
15.6687,-0.23253699999999977
15.8211,-0.2338849999999999
15.9735,1.218710999999999
16.1259,1.597220000000001
16.2783,0.982755
16.4307,-0.4218359999999999
16.5831,-0.1991240000000003
16.7355,-0.5628789999999997
16.8879,0.8427370000000005
17.0403,1.0676800000000002
17.1927,1.3488310000000006
17.3451,3.1370819999999995
17.4975,3.559216
17.6499,3.149374
17.8023,1.6782089999999998
17.9547,1.055371
18.1071,1.1966039999999998
18.2595,1.6628559999999997
18.4119,1.865882
18.5643,-0.45097899999999935
18.7167,-0.40416200000000035
18.8691,-1.01126
19.0215,-1.3723419999999997
19.1739,-0.977367000000001
19.3263,0.24974500000000077
19.4787,0.2347109999999999
19.6311,-0.015177999999999692
19.7835,-1.4344000000000001
19.9359,-1.7119280000000003
20.0883,-2.1190160000000002
20.2407,-1.8482159999999999
20.3931,-1.3953809999999995
20.5455,-0.639270999999999
20.6979,-0.5041630000000001
20.8503,-0.7595729999999996
21.0027,-0.17957100000000015
21.1551,0.12764799999999976
21.3075,-0.5848939999999994
21.4599,0.0938509999999999
21.6123,0.5385070000000001
21.7647,0.7153130000000001
21.9171,1.2761779999999998
22.0695,-0.0860789999999998
22.2219,-1.1135869999999999
22.3743,-1.701283
22.5267,-0.5762320000000001
22.6791,0.581747
22.8315,1.755243
22.9839,1.1714130000000003
23.1363,1.3514990000000004
23.2887,1.4290329999999996
23.4411,0.682156
23.5935,-0.21933800000000048
23.7459,-0.24904100000000007
23.8983,0.7361950000000004
24.0507,0.8631580000000003
24.2031,1.6893649999999996
24.3555,1.8017869999999991
24.5079,1.549391
24.6603,1.6468439999999998
24.8127,1.0554880000000004
24.9651,-0.60311
25.1175,-0.22752399999999984
25.2699,-0.3983049999999997
25.4223,0.03578599999999987
25.5747,0.09818499999999997
25.7271,0.1567059999999998
25.8795,0.3982820000000009
26.0319,0.7541079999999996
26.1843,0.12041900000000005
26.3367,0.7530540000000006
26.4891,0.5149740000000005
26.6415,1.869031999999999
26.7939,1.2538789999999995
26.9463,0.8938670000000002
27.0987,0.8827619999999996
27.2511,-0.0718639999999997
27.4035,0.3851490000000002
27.5559,0.3572620000000004
27.7083,1.2826439999999995
27.8607,1.7868709999999997
28.0131,2.3366960000000008
28.1655,2.3340249999999996
28.3179,1.3481480000000001
28.4703,0.5825809999999993
28.6227,0.7034370000000001
28.7751,-0.6303869999999998
28.9275,-1.6782910000000006
29.0799,-2.330952
29.2323,-1.169854
29.3847,-2.0347240000000006
29.5371,-2.0710770000000007
29.6895,-2.291421999999999
29.8419,-1.9827209999999997
29.9943,-0.5205200000000012
30.1467,-0.4350349999999992
30.2991,-0.12392299999999956
30.4515,-0.5921789999999998
30.6039,-0.8994809999999998
30.7563,-2.50744
30.9087,-2.0303579999999997
31.0611,-1.5031850000000002
31.2135,0.8146000000000004
31.3659,1.2572639999999993
31.5183,1.3154970000000006
31.6707,-0.3821089999999998
31.8231,-0.4165549999999998
31.9755,0.4690190000000003
32.1279,0.7874300000000005
32.2803,0.309469
32.4327,1.3603269999999998
32.5851,0.517379
32.7375,-0.22450800000000015
32.8899,-0.29634099999999997
33.0423,0.45790100000000145
33.1947,1.1627770000000002
33.3471,0.3292280000000005
33.4995,0.08593699999999949
33.6519,-0.9839900000000004
33.8043,1.1286139999999998
33.9567,0.3431929999999994
34.1091,0.9037679999999995
34.2615,-1.0000610000000005
34.4139,-0.42157399999999967
34.5663,0.07830300000000001
34.7187,0.6474279999999997
34.8711,0.6491239999999996
35.0235,-0.5602850000000004
35.1759,-0.10642200000000024
35.3283,-0.5444080000000007
35.4807,-0.9089739999999997
35.6331,0.1406559999999999
35.7855,-0.31174700000000044
35.9379,-0.285933
36.0903,-2.732114000000001
36.2427,-2.457604000000001
36.3951,-0.40331000000000117
36.5475,0.5361070000000012
36.6999,1.4816640000000003
36.8523,0.2718930000000004
37.0047,0.12789000000000073
37.1571,0.010246999999999673
37.3095,-0.410539
37.4619,0.18679700000000032
37.6143,-0.38991500000000023
37.7667,0.7272130000000008
37.9191,0.8329809999999993
38.0715,0.9348190000000001
38.2239,0.4636319999999996
38.3763,1.0315220000000007
38.5287,-0.1890609999999997
38.6811,-0.9332419999999999
38.8335,-0.5756009999999998
38.9859,-0.07627199999999945
39.1383,0.8800280000000003
39.2907,0.24351500000000037
39.4431,-0.9334089999999993
39.5955,-1.7239890000000004
39.7479,-0.6192330000000013
39.9003,-0.7766099999999998
40.0527,-0.0018410000000006477
40.2051,0.2220860000000009
40.3575,2.077268
40.5099,1.481401
40.6623,2.3424440000000004
40.8147,2.2728859999999997
40.9671,1.7720090000000006
41.1195,2.58617
41.2719,1.7161130000000009
41.4243,1.559762
41.5767,2.8230780000000006
41.7291,4.913284000000001
41.8815,4.277328
42.0339,3.9951939999999997
42.1863,3.3225810000000005
42.3387,1.9399489999999995
42.4911,1.6224620000000005
42.6435,2.5009609999999993
42.7959,0.8807600000000004
42.9483,0.04267399999999988
43.1007,-0.7757290000000001
43.2531,-0.7485189999999999
43.4055,-1.3292140000000003
43.5579,-0.6664740000000009
43.7103,-1.4536800000000003
43.8627,-2.5645609999999994
44.0151,-0.7695159999999994
44.1675,0.3288999999999991
44.3199,1.2249850000000002
44.4723,0.2067199999999989
44.6247,-0.37855300000000014
44.7771,-1.2601700000000005
44.9295,-0.6083400000000001
45.0819,0.10411000000000037
45.2343,1.7235999999999994
45.3867,3.8476099999999995
45.5391,3.2163709999999988
45.6915,0.8423370000000006
45.8439,1.6317830000000004
45.9963,3.363969000000001
46.1487,3.8384149999999995
46.3011,3.0495660000000004
46.4535,1.5262840000000004
46.6059,1.0431040000000014
46.7583,0.0014739999999999753
46.9107,0.0008119999999998129
47.0631,-1.7580840000000002
47.2155,-2.926085999999999
47.3679,-2.335980000000001
47.5203,-2.1837409999999995
47.6727,-2.571072000000001
47.8251,-3.4980539999999998
47.9775,-3.945074999999999
48.1299,-4.205417000000001
48.2823,-5.270461
48.4347,-6.285924
48.5871,-5.257222
48.7395,-3.503303
48.8919,-2.861256000000001
49.0443,-2.6035010000000014
49.1967,-3.4101619999999997
49.3491,-2.9438650000000006
49.5015,-2.714315
49.6539,-1.4990330000000007
49.8063,0.5821430000000003
49.9587,1.044492
50.1111,2.263024999999999
50.2635,2.276433
50.4159,2.20824
50.5683,2.4101680000000005
50.7207,2.546552
50.8731,3.5103340000000003
51.0255,3.684104999999999
51.1779,2.743583000000001
51.3303,1.7504520000000001
51.4827,0.6741790000000005
51.6351,0.7049200000000004
51.7875,0.517595
51.9399,-0.282449999999999
52.0923,-1.3084419999999994
52.2447,0.4948309999999996
52.3971,1.391411999999999
52.5495,0.8437670000000006
52.7019,-0.06892400000000087
52.8543,-1.2441709999999997
53.0067,0.35488299999999917
53.1591,-0.21319599999999994
53.3115,-0.12543400000000027
53.4639,-0.5447769999999998
53.6163,-0.486263000000001
53.7687,-1.1490100000000005
53.9211,-3.43672
54.0735,-3.6735479999999994
54.2259,-3.9353050000000005
54.3783,-2.912489
54.5307,-2.7655000000000003
54.6831,-3.447864
54.8355,-2.6382080000000006
54.9879,-2.4119330000000003
55.1403,-2.9383369999999998
55.2927,-4.152656999999999
55.4451,-3.282232999999999
55.5975,0.8002909999999996
55.7499,3.4112670000000005
55.9023,12.448004
56.0547,18.930914
56.2071,24.983901000000003
56.3595,27.225687
56.5119,26.259137000000003
56.6643,26.386051000000002
56.8167,27.216533000000005
56.9691,30.71597
57.1215,29.203678
57.2739,27.689208999999998
57.4263,28.131858
57.5787,27.991645
57.7311,28.542035999999996
57.8835,29.839646
58.0359,29.621849
58.1883,31.35949
58.3407,30.201208
58.4931,30.095855999999998
58.6455,26.245347
58.7979,24.522079999999995
58.9503,15.44988
59.1027,6.896520000000002
59.2551,-0.4299700000000044
59.4075,-2.34769
59.5599,-2.8537000000000035
59.7123,-2.9311599999999984
59.8647,-1.7333500000000015
60.0171,0.34770000000000323
60.1695,1.4587800000000044
60.3219,1.2504000000000062
60.4743,-0.6985099999999989
60.6267,-1.050699999999999
60.7791,-1.0185999999999993
60.9315,-3.7017299999999977
61.0839,-5.5553799999999995
61.2363,-6.904450000000001
61.3887,-5.506660000000004
61.5411,-7.688559999999995
61.6935,-6.646079999999998
61.8459,-8.335669999999997
61.9983,-7.412410000000001
62.1507,-6.555840000000003
62.3031,-5.660869999999999
62.4555,-6.282139999999998
62.6079,-1.7048599999999965
62.7603,-0.4123300000000043
62.9127,-0.878060000000005
63.0651,-5.66348
63.2175,-3.9855300000000042
63.3699,-1.6497400000000013
63.5223,1.0813399999999973
63.6747,4.5652199999999965
63.8271,3.1472499999999997
63.9795,6.48668
64.1319,8.05323
64.2843,7.915809999999997
64.4367,8.947099999999999
64.5891,9.592379999999999
64.7415,9.848230000000001
64.8939,10.125739999999997
65.0463,10.620980000000003
65.1987,9.07781
65.3511,11.033910000000002
65.5035,10.490560000000002
65.6559,3.7586299999999966
65.8083,0.11657999999999902
65.9607,1.109880000000004
66.1131,1.8372599999999935
66.2655,2.5989100000000036
66.4179,3.4049599999999955
66.5703,3.075249999999997
66.7227,-0.7149999999999963
66.8751,0.9967800000000011
67.0275,-2.107770000000002
67.1799,-1.5010899999999978
67.3323,1.50835
67.4847,-1.0275899999999965
67.6371,0.5297699999999992
67.7895,0.7172899999999984
67.9419,2.3633100000000056
68.0943,-1.2859200000000044
68.2467,-1.6352499999999992
68.3991,-2.8776500000000027
68.5515,-3.8759200000000007
68.7039,0.5965899999999991
68.8563,3.993549999999999
69.0087,0.985909999999997
69.1611,2.966850000000001
69.3135,-0.06656000000000262
69.4659,-0.9019300000000001
69.6183,-0.3743599999999958
69.7707,6.395139999999998
69.9231,7.3030100000000004
70.0755,8.775959999999998
70.2279,7.073509999999999
70.3803,3.279270000000004
70.5327,3.0634699999999953
70.6851,0.8866599999999991
70.8375,-0.1923400000000015
70.9899,-2.0269400000000033
71.1423,2.5185500000000047
71.2947,5.700890000000001
71.4471,3.796219999999998
71.5995,3.848469999999999
71.7519,-0.6996699999999976
71.9043,-0.9824399999999969
72.0567,2.4469200000000058
72.2091,4.544870000000003
72.3615,6.508110000000002
72.5139,4.958500000000001
72.6663,2.434660000000001
72.8187,-3.533699999999996
72.9711,-4.309979999999996
73.1235,-2.2151799999999966
73.2759,-0.39824000000000126
73.4283,1.6922499999999943
73.5807,-0.6327499999999944
73.7331,-1.464979999999997
73.8855,-2.6077000000000012
74.0379,-0.8427399999999992
74.1903,-3.4270100000000028
74.3427,-5.162390000000002
74.4951,-4.975379999999994
74.6475,-5.989229999999999
74.7999,-0.763379999999998
74.9523,-1.01849
75.1047,-3.7815900000000013
75.2571,-7.50517
75.4095,-8.911059999999999
75.5619,-8.993389999999998
75.7143,-11.002210000000002
75.8667,-8.790170000000003
76.0191,-8.050580000000004
76.1715,-8.919820000000001
76.3239,-9.457900000000002
76.4763,-11.705759999999998
76.6287,-7.716700000000003
76.7811,-5.6508600000000015
76.9335,-2.298639999999999
77.0859,-1.3222200000000015
77.2383,-1.3504099999999966
77.3907,-3.0764799999999966
77.5431,-1.2729500000000016
77.6955,0.9407199999999989
77.8479,0.10632999999999981
78.0003,-0.6590699999999998
78.1527,-1.165690000000005
78.3051,-0.010770000000000834
78.4575,0.2865599999999944
78.6099,1.820529999999998
78.7623,5.18601
78.9147,4.577840000000002
79.0671,3.474829999999997
79.2195,-0.6861299999999986
79.3719,-0.2879999999999967
79.5243,1.8568500000000014
79.6767,4.139900000000004
79.8291,4.872070000000001
79.9815,4.726669999999999
80.1339,4.752810000000004
80.2863,5.112519999999996
80.4387,6.00318
80.5911,7.114539999999998
80.7435,6.884900000000002
80.8959,6.079549999999998
81.0483,5.187849999999997
81.2007,7.200120000000005
81.3531,4.8902
81.5055,5.522850000000005
81.6579,3.587360000000004
81.8103,0.3156800000000004
81.9627,-2.8676999999999992
82.1151,-3.5696599999999954
82.2675,-1.5741599999999991
82.4199,-2.8309800000000003
82.5723,0.8337000000000003
82.7247,3.208849999999998
82.8771,3.695059999999998
83.0295,0.5120900000000006
83.1819,-2.370660000000001
83.3343,2.06006
83.4867,8.37829
83.6391,13.206620000000001
83.7915,15.19869
83.9439,13.70306
84.0963,17.731900000000003
84.2487,17.005579999999995
84.4011,21.03026
84.5535,21.6096
84.7059,24.02153
84.8583,26.51883
85.0107,29.60678
85.1631,31.34519
85.3155,31.05231
85.4679,30.15152
85.6203,25.198169999999998
85.7727,18.328629999999997
85.9251,15.819230000000005
86.0775,17.993970000000004
86.2299,16.844699999999996
86.3823,13.56693
86.5347,9.054139999999997
86.6871,6.373899999999999
86.8395,8.968599999999995
86.9919,13.270829999999997
87.1443,13.619610000000002
87.2967,14.248899999999999
87.4491,10.908229999999996
87.6015,10.72688999999999
87.7539,11.527350000000006
87.9063,11.538710000000002
88.0587,13.708599999999997
88.2111,12.600480000000005
88.3635,11.583549999999995
88.5159,6.501240000000003
88.6683,3.509050000000002
88.8207,1.6088799999999992
88.9731,0.5183599999999942
89.1255,1.59769
89.2779,1.6685100000000048
89.4303,-2.206879999999998
89.5827,-4.641779999999997
89.7351,-9.195700000000002
89.8875,-9.963559999999994
90.0399,-13.175079999999994
90.1923,-13.787880000000001
90.3447,-16.211239999999997
90.4971,-17.269909999999996
90.6495,-18.14061999999999
90.8019,-18.645920000000004
90.9543,-12.428800000000003
91.1067,-14.529229999999998
91.2591,-13.767320000000005
91.4115,-13.531959999999998
91.5639,-9.089620000000004
91.7163,-6.719160000000002
91.8687,-2.325109999999995
92.0211,1.9710700000000045
92.1735,1.5858500000000006
92.3259,-1.6012400000000042
92.4783,-1.0408200000000036
92.6307,-0.7005200000000045
92.7831,4.568080000000002
92.9355,1.225209999999997
93.0879,-0.08666999999999803
93.2403,-5.1960400000000035
93.3927,-4.181469999999997
93.5451,-3.50723
93.6975,-3.265030000000003
93.8499,-2.896080000000005
94.0023,-7.199240000000003
94.1547,-6.087910000000001
94.3071,-2.78284
94.4595,1.4067300000000031
94.6119,4.492350000000002
94.7643,6.29636
94.9167,9.347449999999995
95.0691,7.998259999999995
95.2215,7.005959999999995
95.3739,12.776969999999999
95.5263,14.382550000000002
95.6787,10.464420000000004
95.8311,2.683010000000003
95.9835,-3.9200799999999987
96.1359,-5.825410000000005
96.2883,-6.020799999999994
96.4407,-3.8323000000000036
96.5931,-3.947659999999999
96.7455,-1.448360000000001
96.8979,-6.967479999999995
97.0503,-11.855640000000001
97.2027,-12.51538
97.3551,-15.436599999999999
97.5075,-15.884230000000002
97.6599,-14.688810000000004
97.8123,-10.822989999999997
97.9647,-11.609169999999999
98.1171,-9.873779999999996
98.2695,-10.730129999999996
98.4219,-16.466199999999994
98.5743,-13.180579999999999
98.7267,-11.1781
98.8791,-5.168430000000001
99.0315,1.0125400000000013
99.1839,11.309760000000004
99.3363,15.654809999999998
99.4887,12.259570000000004
99.6411,11.181080000000001
99.7935,9.38024
99.9459,11.994029999999995
100.0983,12.967110000000005
100.2507,8.381790000000002
100.4031,10.889850000000003
100.5555,12.752630000000003
100.7079,12.43347
100.8603,2.051540000000003
101.0127,-2.496130000000001
101.1651,-5.019309999999997
101.3175,-4.418480000000002
101.4699,0.23932999999999538
101.6223,-4.439099999999996
101.7747,2.3187500000000014
101.9271,0.09447000000000116
102.0795,1.3511799999999994
102.2319,-6.693960000000004
102.3843,-6.331360000000004
102.5367,-1.1933900000000008
102.6891,1.1599900000000005
102.8415,-1.845869999999998
102.9939,-1.7750999999999948
103.1463,3.44153
103.2987,8.198569999999997
103.4511,3.6341699999999975
103.6035,-2.302250000000001
103.7559,-4.727019999999996
103.9083,0.8801499999999933
104.0607,5.0376600000000025
104.2131,2.7924599999999984
104.3655,-0.0006699999999995043
104.5179,-0.43459000000000003
104.6703,6.97289
104.8227,5.20382
104.9751,7.886019999999995
105.1275,11.517489999999995
105.2799,10.258900000000004
105.4323,8.893900000000002
105.5847,5.0815899999999985
105.7371,4.707639999999998
105.8895,8.70841
106.0419,7.603099999999998
106.1943,5.767679999999999
106.3467,4.452719999999999
106.4991,6.475429999999996
106.6515,7.397300000000001
106.8039,4.449309999999997
106.9563,4.253330000000005
107.1087,-0.4553500000000028
107.2611,0.4665600000000012
107.4135,2.4519599999999997
107.5659,2.9726
107.7183,-0.3503000000000043
107.8707,-5.940640000000002
108.0231,-7.403189999999995
108.1755,-14.823169999999998
108.3279,-15.116900000000001
108.4803,-16.27892
108.6327,-15.682200000000002
108.7851,-14.725990000000003
108.9375,-18.22155
109.0899,-16.490030000000004
109.2423,-17.51737
109.3947,-17.646499999999996
109.5471,-19.70263
109.6995,-19.498940000000005
109.8519,-13.340290000000003
110.0043,-8.193220000000004
110.1567,-4.075809999999997
110.3091,-3.3918200000000027
110.4615,-2.8740999999999985
110.6139,3.556989999999999
110.7663,4.64555
110.9187,9.775210000000001
111.0711,8.662059999999997
111.2235,11.461739999999999
111.3759,12.692389999999996
111.5283,20.4981
111.6807,22.70626
111.8331,23.630340000000004
111.9855,20.475050000000003
112.1379,22.157980000000002
112.2903,22.11672
112.4427,20.98538
112.5951,18.27588
112.7475,13.94623
112.8999,11.268190000000004
113.0523,9.405250000000002
113.2047,5.9226600000000005
113.3571,5.3879499999999965
113.5095,0.7657699999999963
113.6619,-5.328239999999994
113.8143,-10.172959999999996
113.9667,-15.539770000000004
114.1191,-16.119819999999997
114.2715,-15.871739999999996
114.4239,-10.93298
114.5763,-15.198360000000001
114.7287,-13.243850000000002
114.8811,-15.95758
115.0335,-8.772160000000007
115.1859,-3.841560000000001
115.3383,-4.22634
115.4907,-4.736069999999998
115.6431,-2.0991500000000016
115.7955,3.393410000000003
115.9479,3.169319999999999
116.1003,0.18778999999999968
116.2527,3.5217499999999973
116.4051,1.7068400000000068
116.5575,8.406870000000005
116.7099,9.67926
116.8623,9.118379999999995
117.0147,13.27216
117.1671,10.62321
117.3195,9.788759999999996
117.4719,5.869310000000006
117.6243,4.389749999999999
117.7767,1.5887200000000021
117.9291,-1.5463000000000022
118.0815,0.20485000000000042
118.2339,-5.90269
118.3863,-5.289540000000002
118.5387,-5.181560000000005
118.6911,-6.6040199999999984
118.8435,-3.06044
118.9959,-2.4392700000000005
119.1483,-2.2128900000000016
119.3007,-6.177529999999997
119.4531,-7.736430000000006
119.6055,-6.9130500000000055
119.7579,-6.36345
119.9103,-2.6327599999999975
120.0627,-1.7717499999999973
120.2151,3.4433799999999977
120.3675,8.480070000000005
120.5199,11.998319999999993
120.6723,11.5103
120.8247,11.329570000000004
120.9771,14.0182
121.1295,14.740250000000003
121.2819,16.065670000000004
121.4343,14.643520000000002
121.5867,15.830820000000003
121.7391,17.818250000000006
121.8915,10.016949999999994
122.0439,4.321710000000003
122.1963,-3.9525099999999966
122.3487,-3.570930000000004
122.5011,-0.8791099999999972
122.6535,-2.8360199999999978
122.8059,-5.959200000000003
122.9583,-9.549869999999999
123.1107,-4.378169999999997
123.2631,-6.767629999999997
123.4155,-10.134040000000006
123.5679,-15.516029999999994
123.7203,-14.38364
123.8727,-12.635730000000002
124.0251,-11.075589999999998
124.1775,-14.001080000000002
124.3299,-16.22708
124.4823,-13.62914
124.6347,-12.026130000000002
124.7871,-16.90874
124.9395,-12.615589999999997
125.0919,-9.07302
125.2443,0.626419999999996
125.3967,3.164760000000001
125.5491,4.312039999999996
125.7015,2.0413599999999974
125.8539,0.1153499999999994
126.0063,-0.045340000000003045
126.1587,-8.393400000000007
126.3111,-11.72918
126.4635,-12.41601
126.6159,-6.019310000000004
126.7683,-2.720700000000001
126.9207,-3.6212000000000018
127.0731,-3.885080000000002
127.2255,-6.634450000000001
127.3779,-3.2248599999999996
127.5303,-5.802350000000004
127.6827,-6.362809999999996
127.8351,-2.0144500000000036
127.9875,-0.04003999999999763
128.1399,3.764879999999998
128.2923,-0.6888999999999967
128.4447,-0.36214999999999975
128.5971,-1.2225199999999958
128.7495,4.156980000000004
128.9019,3.8575099999999978
129.0543,4.327500000000001
129.2067,2.644590000000001
129.3591,6.731299999999997
129.5115,8.247930000000004
129.6639,5.475230000000003
129.8163,0.38492000000000104
129.9687,-1.3378599999999992
130.1211,-1.5668900000000008
130.2735,-0.7880600000000015
130.4259,-1.503149999999998
130.5783,-2.27778
130.7307,-1.7307600000000036
130.8831,-3.970649999999999
131.0355,-3.8235600000000005
131.1879,-3.210180000000001
131.3403,2.1554399999999987
131.4927,4.4756399999999985
131.6451,5.718589999999999
131.7975,1.6618500000000012
131.9499,5.9856300000000005
132.1023,12.770139999999998
132.2547,22.487209999999997
132.4071,18.583220000000004
132.5595,14.557220000000001
132.7119,8.857059999999997
132.8643,11.874209999999998
133.0167,11.807599999999994
133.1691,10.708820000000003
133.3215,9.212030000000006
133.4739,5.470319999999994
133.6263,5.136250000000004
133.7787,2.7700499999999977
133.9311,4.6005600000000015
134.0835,2.2122400000000013
134.2359,1.0525200000000012
134.3883,1.2871200000000016
134.5407,-2.7091199999999986
134.6931,-3.992139999999999
134.8455,-1.8851300000000037
134.9979,-6.74586
135.1503,-7.703269999999996
135.3027,-15.077129999999997
135.4551,-9.753650000000007
135.6075,-7.242319999999999
135.7599,-5.78575
135.9123,-10.627469999999995
136.0647,-12.72800999999999
136.2171,-8.48471
136.3695,-4.9633600000000015
136.5219,-4.558029999999995
136.6743,-3.214590000000001
136.8267,-0.45995999999999526
136.9791,0.024879999999996016
137.1315,0.805810000000001
137.2839,0.07728999999999786
137.4363,-2.1988600000000034
137.5887,-0.16848999999999847
137.7411,2.4606199999999987
137.8935,1.1181100000000015
138.0459,2.124610000000004
138.1983,-1.9815299999999993
138.3507,-0.2689499999999967
138.5031,-2.543369999999996
138.6555,3.2376899999999935
138.8079,5.483930000000001
138.9603,9.550379999999997
139.1127,4.517739999999996
139.2651,1.1053799999999967
139.4175,-3.760780000000004
139.5699,1.519369999999995
139.7223,3.3052199999999985
139.8747,-1.0853900000000039
140.0271,-2.6815399999999983
140.1795,-3.8063000000000002
140.3319,-0.32952000000000226
140.4843,3.1948599999999985
140.6367,0.8809100000000001
140.7891,2.0608900000000006
140.9415,2.8187599999999975
141.0939,4.727980000000002
141.2463,7.197009999999999
141.3987,8.3076
141.5511,8.40708
141.7035,2.60651
141.8559,3.793769999999995
142.0083,0.9676600000000022
142.1607,9.002679999999998
142.3131,7.250460000000004
142.4655,14.383860000000006
142.6179,11.496890000000008
142.7703,11.570709999999998
142.9227,12.190199999999997
143.0751,13.670830000000002
143.2275,14.21996
143.3799,5.393750000000004
143.5323,0.05587000000000586
143.6847,-3.3902900000000002
143.8371,-3.7480699999999985
143.9895,-4.18853
144.1419,-5.664030000000004
144.2943,-12.30245
144.4467,-13.61795
144.5991,-10.815809999999999
144.7515,-10.704639999999998
144.9039,-7.759999999999991
145.0563,-7.120370000000001
145.2087,-8.532609999999998
145.3611,-4.680210000000002
145.5135,-9.25459
145.6659,-9.285310000000003
145.8183,-10.139159999999997
145.9707,-5.386159999999997
146.1231,-4.712420000000002
146.2755,-8.798830000000002
146.4279,-4.168579999999999
146.5803,-4.662400000000005
146.7327,0.8740400000000008
146.8851,-1.7163700000000048
147.0375,-0.6043899999999951
147.1899,1.4071800000000039
147.3423,4.176870000000001
147.4947,2.647979999999997
147.6471,-3.228660000000005
147.7995,-5.38552
147.9519,-5.518190000000004
148.1043,-7.9532799999999995
148.2567,-9.226880000000001
148.4091,-11.392330000000001
148.5615,-10.799730000000004
148.7139,-15.11864
148.8663,-13.33833
149.0187,-13.084890000000001
149.1711,-7.841679999999997
149.3235,-1.1544799999999995
149.4759,3.079889999999999
149.6283,4.538630000000005
149.7807,6.522120000000001
149.9331,8.57065
150.0855,3.4976799999999955
150.2379,5.53857
150.3903,5.92257
150.5427,4.328209999999999
150.6951,6.729770000000002
150.8475,11.945839999999997
150.9999,8.375260000000004
151.1523,8.208799999999997
151.3047,8.105810000000005
151.4571,7.769159999999999
151.6095,11.418410000000002
151.7619,14.444769999999998
151.9143,8.540399999999998
152.0667,2.7372700000000023
152.2191,3.00826
152.3715,1.2305700000000002
152.5239,-3.4166200000000018
152.6763,-5.327220000000004
152.8287,-7.286549999999998
152.9811,-9.584199999999996
153.1335,-6.633179999999996
153.2859,-8.351660000000003
153.4383,-7.5773300000000035
153.5907,-5.950589999999998
153.7431,-3.5166299999999993
153.8955,-5.4466799999999935
154.0479,-6.64152
154.2003,-3.3395299999999963
154.3527,-2.179169999999999
154.5051,-5.47101
154.6575,-9.93
154.8099,-10.422200000000004
154.9623,-9.33569
155.1147,-5.357500000000002
155.2671,-7.775940000000006
155.4195,-10.87254
155.5719,-9.454270000000001
155.7243,-4.81418
155.8767,-4.755670000000002
156.0291,-7.63552
156.1815,-4.635760000000005
156.3339,-2.79777
156.4863,-1.6144199999999955
156.6387,2.6516599999999997
156.7911,-0.07014000000000209
156.9435,-1.8910700000000062
157.0959,3.314229999999995
157.2483,3.2775199999999955
157.4007,6.310469999999995
157.5531,8.806000000000004
157.7055,10.238430000000001
157.8579,10.444980000000001
158.0103,15.393799999999999
158.1627,15.525770000000001
158.3151,8.310970000000005
158.4675,14.329660000000004
158.6199,8.907350000000001
158.7723,6.412570000000002
158.9247,1.7307399999999973
159.0771,6.219470000000001
159.2295,1.0182800000000043
159.3819,3.3210300000000004
159.5343,4.309599999999996
159.6867,-1.3433799999999962
159.8391,-1.4054000000000002
159.9915,-0.6541399999999982
160.1439,-3.135309999999997
160.2963,-3.729219999999998
160.4487,-5.671709999999997
160.6011,-8.576300000000003
160.7535,-7.9110100000000045
160.9059,-7.463899999999995
161.0583,-10.574329999999996
161.2107,-16.73263
161.3631,-11.304470000000002
161.5155,-17.023160000000004
161.6679,-10.606589999999997
161.8203,-9.568849999999998
161.9727,-2.3941799999999986
162.1251,-2.3056700000000063
162.2775,3.023690000000002
162.4299,0.040970000000001505
162.5823,0.7252700000000019
162.7347,4.673989999999996
162.8871,7.475259999999999
163.0395,7.871220000000001
163.1919,5.551450000000003
163.3443,6.394590000000001
163.4967,0.6244599999999991
163.6491,3.180579999999999
163.8015,-1.745439999999995
163.9539,4.955189999999995
164.1063,6.820139999999995
164.2587,15.454860000000004
164.4111,11.01052
164.5635,11.122970000000002
164.7159,9.391309999999997
164.8683,9.782049999999998
165.0207,7.479140000000001
165.1731,6.111990000000006
165.3255,6.177899999999994
165.4779,4.643549999999998
165.6303,4.035159999999998
165.7827,1.0319800000000043
165.9351,-4.902249999999995
166.0875,-4.32414
166.2399,-4.895130000000002
166.3923,-7.5846500000000034
166.5447,-5.422069999999998
166.6971,-4.266739999999999
166.8495,0.40171000000000134
167.0019,-5.882249999999999
167.1543,-8.770939999999996
167.3067,-11.111530000000002
167.4591,-2.086509999999997
167.6115,1.4951500000000024
167.7639,-0.06915999999999656
167.9163,-1.3495500000000007
168.0687,-3.6740800000000036
168.2211,-3.065490000000004
168.3735,-4.029069999999997
168.5259,0.926870000000001
168.6783,-1.084619999999994
168.8307,-0.1089900000000057
168.9831,2.2820699999999974
169.1355,-0.3102000000000018
169.2879,5.393189999999997
169.4403,10.495610000000006
169.5927,12.723700000000001
169.7451,8.473060000000004
169.8975,5.195819999999998
170.0499,2.511009999999999
170.2023,1.1601199999999992
170.3547,1.670819999999999
170.5071,0.10487999999999431
170.6595,-4.038900000000005
170.8119,-5.826300000000003
170.9643,-5.401589999999999
171.1167,-4.620489999999997
171.2691,-6.968730000000001
171.4215,-7.113779999999998
171.5739,-12.615650000000002
171.7263,-12.634580000000007
171.8787,-16.951829999999994
172.0311,-17.415329999999997
172.1835,-12.422640000000001
172.3359,-9.068559999999998
172.4883,-13.672040000000003
172.6407,-8.566560000000003
172.7931,-5.237000000000002
172.9455,3.9111699999999985
173.0979,6.341700000000003
173.2503,10.352130000000002
173.4027,-1.9826399999999964
173.5551,-5.446489999999997
173.7075,-3.906799999999997
173.8599,0.1957400000000007
174.0123,1.152319999999996
174.1647,5.001620000000003
174.3171,4.267490000000002
174.4695,3.2452599999999947
174.6219,3.297629999999998
174.7743,4.073650000000001
174.9267,10.127189999999999
175.0791,14.74288
175.2315,8.221110000000003
175.3839,1.3220400000000012
175.5363,3.5609600000000015
175.6887,0.13441000000000258
175.8411,3.137340000000002
175.9935,-3.188829999999996
176.1459,-0.5339900000000029
176.2983,0.8027499999999961
176.4507,10.574929999999995
176.6031,8.539969999999997
176.7555,7.430669999999999
176.9079,7.689399999999999
177.0603,7.981850000000001
177.2127,6.505959999999995
177.3651,7.23818
177.5175,4.207810000000002
177.6699,-0.1521100000000004
177.8223,-1.3198099999999968
177.9747,-5.736840000000001
178.1271,-4.093260000000001
178.2795,-1.7247800000000026
178.4319,-3.0923000000000016
178.5843,-5.256640000000004
178.7367,-7.021240000000006
178.8891,-7.268590000000003
179.0415,-0.39026000000000494
179.1939,2.2675200000000046
179.3463,2.8196999999999974
179.4987,-0.3385800000000003
179.6511,5.961410000000001
179.8035,5.430250000000001
179.9559,4.115790000000004
180.1083,2.0282300000000006
180.2607,-4.85839
180.4131,-3.8281300000000016
180.5655,0.9592099999999988
180.7179,5.146690000000007
180.8703,6.078629999999997
181.0227,6.619999999999997
181.1751,5.715020000000003
181.3275,8.704430000000002
181.4799,12.137320000000003
181.6323,11.812560000000005
181.7847,8.83061
181.9371,7.86159
182.0895,-2.776769999999999
182.2419,-10.563220000000001
182.3943,-16.285019999999996
182.5467,-11.206679999999999
182.6991,-17.19509
182.8515,-16.10112
183.0039,-18.87012
183.1563,-21.23724
183.3087,-19.801049999999996
183.4611,-20.25253
183.6135,-20.700419999999994
183.7659,-18.871290000000002
183.9183,-19.85163
184.0707,-18.606029999999997
184.2231,-26.923530000000003
184.3755,-31.259719999999998
184.5279,-32.5108
184.6803,-31.180270000000004
184.8327,-27.7046
184.9851,-27.597669999999997
185.1375,-24.05473
185.2899,-20.962870000000002
185.4423,-17.75947
185.5947,-16.25125
185.7471,-13.093849999999996
185.8995,-7.449210000000001
186.0519,-0.3457700000000017
186.2043,5.47137
186.3567,11.872729999999997
186.5091,11.440640000000002
186.6615,7.790009999999995
186.8139,8.585079999999998
186.9663,10.510010000000001
187.1187,13.902299999999997
187.2711,14.585809999999999
187.4235,18.950129999999998
187.5759,18.30923
187.7283,19.511890000000005
187.8807,20.207700000000003
188.0331,16.810169999999996
188.1855,19.21951
188.3379,18.958350000000003
188.4903,17.427709999999998
188.6427,14.652659999999997
188.7951,14.368650000000002
188.9475,9.66753
189.0999,5.901769999999999
189.2523,5.984209999999997
189.4047,6.077530000000003
189.5571,6.4986200000000025
189.7095,8.587560000000003
189.8619,4.829160000000002
190.0143,3.402560000000001
190.1667,2.380270000000003
190.3191,6.697630000000004
190.4715,1.244100000000003
190.6239,0.9533600000000035
190.7763,-0.5423500000000061
190.9287,-0.25433000000000305
191.0811,0.6291900000000012
191.2335,-3.988430000000001
191.3859,-5.491350000000004
191.5383,-2.420960000000001
191.6907,-0.998349999999995
191.8431,-0.31581000000000614
191.9955,-1.0393800000000013
192.1479,-1.6989300000000043
192.3003,-9.28566
192.4527,-13.0364
192.6051,-9.289940000000001
192.7575,-7.633479999999999
192.9099,-1.7974800000000002
193.0623,-4.628369999999997
193.2147,-7.040330000000004
193.3671,-8.11607
193.5195,-1.9712000000000032
193.6719,-1.9459400000000002
193.8243,-2.554409999999997
193.9767,-6.492939999999997
194.1291,-1.4008099999999999
194.2815,0.7976000000000028
194.4339,5.333179999999999
194.5863,0.9034499999999994
194.7387,0.4584599999999952
194.8911,-2.1877199999999988
195.0435,-1.4325699999999983
195.1959,0.6590700000000069
195.3483,5.94623
195.5007,7.618229999999997
195.6531,5.688780000000001
195.8055,5.147019999999998
195.9579,1.6765199999999965
196.1103,3.4128100000000003
196.2627,7.333500000000001
196.4151,8.64855
196.5675,4.555460000000004
196.7199,2.6257499999999965
196.8723,2.9063500000000033
197.0247,6.00694
197.1771,3.5595399999999984
197.3295,4.738819999999997
197.4819,0.43504000000000076
197.6343,0.7583200000000048
197.7867,-1.570069999999994
197.9391,-2.0442899999999966
198.0915,-2.1022299999999987
198.2439,-4.318170000000002
198.3963,-7.607699999999994
198.5487,-5.309100000000001
198.7011,-5.741970000000002
198.8535,-4.686129999999999
199.0059,-4.6472399999999965
199.1583,-2.9898100000000056
199.3107,-5.87303
199.4631,-5.970240000000004
199.6155,-5.58558
199.7679,-4.208239999999996
199.9203,-1.3129900000000063
200.0727,0.18202999999999747
200.2251,-1.20561
200.3775,-2.753779999999999
200.5299,-3.23677
200.6823,-0.4927100000000024
200.8347,1.0355199999999982
200.9871,3.314639999999997
201.1395,2.9003900000000016
201.2919,6.388999999999996
201.4443,7.843730000000001
201.5967,4.828470000000003
201.7491,2.746130000000001
201.9015,-0.5389499999999998
202.0539,-1.7935999999999979
202.2063,-0.20691999999999666
202.3587,0.9498700000000042
202.5111,1.718910000000001
202.6635,5.226999999999997
202.8159,3.992609999999999
202.9683,4.468640000000001
203.1207,1.179300000000005
203.2731,0.03459000000000145
203.4255,0.9316200000000023
203.5779,2.786760000000001
203.7303,2.830359999999999
203.8827,-0.6830800000000039
204.0351,-3.3426100000000005
204.1875,-3.490389999999998
204.3399,-6.5062
204.4923,-2.224020000000003
204.6447,-6.313540000000003
204.7971,-3.4420800000000042
204.9495,-2.070530000000005
205.1019,0.3470699999999951
205.2543,-0.8134399999999999
205.4067,0.002539999999996212
205.5591,0.12792000000000314
205.7115,-2.617129999999996
205.8639,-0.7172300000000007
206.0163,-3.307539999999996
206.1687,-4.266930000000002
206.3211,-5.041640000000001
206.4735,-9.145240000000001
206.6259,-8.325399999999995
206.7783,-6.845619999999997
206.9307,-2.7321799999999996
207.0831,-3.357459999999996
207.2355,-2.1538400000000024
207.3879,1.382470000000005
207.5403,-1.64649
207.6927,5.446780000000004
207.8451,3.3406400000000005
207.9975,1.3226100000000045
208.1499,0.18885000000000218
208.3023,3.202289999999998
208.4547,4.348040000000005
208.6071,3.921749999999996
208.7595,4.265009999999997
208.9119,1.2706099999999978
209.0643,-1.0670000000000002
209.2167,1.21434
209.3691,7.1334599999999995
209.5215,12.281300000000002
209.6739,11.3478
209.8263,7.347899999999996
209.9787,5.708800000000004
210.1311,9.9452
210.2835,12.007440000000003
210.4359,7.78396
210.5883,6.412179999999999
210.7407,3.127989999999997
210.8931,6.446370000000002
211.0455,7.182789999999997
211.1979,9.815039999999996
211.3503,4.473370000000003
211.5027,2.0405799999999985
211.6551,1.772350000000003
211.8075,1.102879999999999
211.9599,2.7817000000000007
212.1123,4.413419999999995
212.2647,5.4523399999999995
212.4171,-1.1380099999999942
212.5695,-3.462530000000001
212.7219,-2.2757800000000046
212.8743,2.670490000000001
213.0267,5.2132799999999975
213.1791,6.907959999999996
213.3315,6.607539999999993
213.4839,6.499839999999999
213.6363,2.8158499999999975
213.7887,-2.5572499999999962
213.9411,-7.16816
214.0935,-6.9054199999999994
214.2459,-8.20863
214.3983,-7.281579999999998
214.5507,-7.856210000000004
214.7031,-5.659759999999999
214.8555,-7.34928
215.0079,-8.624090000000002
215.1603,-6.099109999999996
215.3127,-7.396889999999999
215.4651,-4.754720000000006
215.6175,-3.2916700000000034
215.7699,-3.870909999999995
215.9223,-4.009309999999999
216.0747,-3.262659999999997
216.2271,-4.96311
216.3795,-11.957729999999998
216.5319,-9.246400000000001
216.6843,-7.186639999999997
216.8367,-1.2629799999999989
216.9891,1.2918099999999981
217.1415,2.5832600000000028
217.2939,-0.5814899999999952
217.4463,1.4838799999999992
217.5987,1.5305500000000052
217.7511,-1.2988600000000048
217.9035,0.2410199999999989
218.0559,1.727640000000001
218.2083,-1.7822000000000031
218.3607,-1.1128900000000002
218.5131,-2.5262599999999935
218.6655,-7.0619099999999975
218.8179,-7.174430000000001
218.9703,-5.896039999999999
219.1227,-4.8714200000000005
219.2751,-3.2329399999999993
219.4275,0.31325999999999965
219.5799,-4.344830000000002
219.7323,-1.2795600000000036
219.8847,-5.148209999999999
220.0371,-4.079079999999998
220.1895,-1.970710000000004
220.3419,4.324649999999998
220.4943,0.38031999999999755
220.6467,-1.8933800000000005
220.7991,-5.836169999999996
220.9515,-8.53358
221.1039,-7.430789999999995
221.2563,-3.081089999999996
221.4087,-0.7478200000000044
221.5611,2.6961999999999975
221.7135,7.036479999999997
221.8659,11.402519999999996
222.0183,8.162109999999998
222.1707,5.308109999999999
222.3231,-0.9800399999999954
222.4755,-0.8958499999999958
222.6279,1.1369299999999996
222.7803,0.8862100000000055
222.9327,2.208349999999996
223.0851,-1.3158699999999968
223.2375,-7.834229999999998
223.3899,-12.675870000000003
223.5423,-9.434060000000002
223.6947,-2.743770000000005
223.8471,5.952059999999996
223.9995,8.000600000000006
224.1519,8.39096
224.3043,7.865580000000001
224.4567,6.510540000000006
224.6091,1.8919500000000014
224.7615,0.07285000000000252
224.9139,-6.089669999999998
225.0663,-6.008510000000001
225.2187,-6.396169999999998
225.3711,-1.474960000000003
225.5235,-2.722680000000004
225.6759,0.20745000000000147
225.8283,-2.7293300000000045
225.9807,-1.258339999999997
226.1331,4.662769999999995
226.2855,11.235169999999997
226.4379,12.592150000000004
226.5903,8.643190000000004
226.7427,4.903650000000006
226.8951,-0.672469999999997
227.0475,-0.1772500000000008
227.1999,1.0004899999999992
227.3523,-1.6163100000000057
227.5047,-0.46590000000000487
227.6571,4.3919
227.8095,6.322319999999998
227.9619,10.74277
228.1143,8.724060000000001
228.2667,11.510179999999998
228.4191,5.94652
228.5715,12.15672
228.7239,6.910440000000001
228.8763,8.141100000000002
229.0287,5.911319999999996
229.1811,1.6557900000000032
229.3335,-5.011489999999995
229.4859,-3.4296500000000023
229.6383,2.524159999999995
229.7907,3.8046699999999944
229.9431,5.710509999999999
230.0955,4.228400000000001
230.2479,-4.15043
230.4003,-9.435399999999994
230.5527,-12.108559999999997
230.7051,-11.13187
230.8575,-8.685069999999996
231.0099,-5.965490000000003
231.1623,-4.521090000000001
231.3147,-3.851939999999999
231.4671,1.0364300000000028
231.6195,-3.5163900000000012
231.7719,-0.9050200000000004
231.9243,0.392319999999998
232.0767,3.3103300000000004
232.2291,0.843670000000003
232.3815,2.586199999999998
232.5339,-3.162300000000002
232.6863,-10.11027
232.8387,-14.686459999999997
232.9911,-18.50251
233.1435,-18.725970000000004
233.2959,-10.926540000000003
233.4483,-5.662510000000001
233.6007,-2.88335
233.7531,-5.708170000000003
233.9055,-10.84337
234.0579,-15.781619999999997
234.2103,-12.255399999999995
234.3627,-12.59326
234.5151,-13.351220000000005
234.6675,-9.657249999999998
234.8199,-6.390889999999999
234.9723,-4.736179999999997
235.1247,-4.263849999999998
235.2771,-2.6314000000000064
235.4295,-3.1323500000000024
235.5819,1.9426000000000059
235.7343,6.862920000000003
235.8867,9.884439999999998
236.0391,12.455280000000002
236.1915,13.785290000000003
236.3439,8.958370000000002
236.4963,9.023929999999996
236.6487,5.959629999999997
236.8011,10.126980000000003
236.9535,14.458849999999998
237.1059,19.209429999999998
237.2583,17.81964
237.4107,11.741639999999997
237.5631,8.484440000000006
237.7155,1.6211899999999986
237.8679,-3.6241800000000026
238.0203,-6.215670000000003
238.1727,-8.597929999999998
238.3251,-7.1965900000000005
238.4775,-6.3326999999999956
238.6299,-5.785980000000002
238.7823,-8.50799
238.9347,-10.995669999999997
239.0871,-8.702860000000001
239.2395,-7.413420000000002
239.3919,-2.524250000000002
239.5443,-1.0779399999999981
239.6967,-3.205039999999997
239.8491,-6.289190000000005
240.0015,-6.751339999999999
240.1539,-10.822969999999998
240.3063,-15.571840000000002
240.4587,-14.354
240.6111,-10.460570000000004
240.7635,-7.985549999999996
240.9159,-3.974019999999996
241.0683,-2.653959999999998
241.2207,-3.6918700000000015
241.3731,-1.9948999999999941
241.5255,1.5983400000000003
241.6779,1.450099999999999
241.8303,2.5156199999999984
241.9827,8.300739999999998
242.1351,4.1978500000000025
242.2875,4.4769799999999975
242.4399,5.112119999999997
242.5923,7.7838899999999995
242.7447,11.09321
242.8971,9.62095
243.0495,5.226619999999997
243.2019,1.0203399999999974
243.3543,3.5631599999999963
243.5067,6.839390000000002
243.6591,2.50488
243.8115,1.123260000000002
243.9639,0.14444999999999908
244.1163,-1.822429999999997
244.2687,1.4305099999999982
244.4211,3.7373899999999978
244.5735,3.4014099999999985
244.7259,0.9056700000000006
244.8783,1.365160000000003
245.0307,-1.771969999999996
245.1831,3.545749999999998
245.3355,0.455600000000004
245.4879,-0.3841899999999967
245.6403,-4.154829999999997
245.7927,2.174059999999997
245.9451,5.429290000000002
246.0975,5.8033300000000025
246.2499,9.016919999999999
246.4023,6.340510000000002
246.5547,2.8987199999999973
246.7071,7.168970000000002
246.8595,10.028509999999997
247.0119,11.525079999999996
247.1643,17.382039999999996
247.3167,18.176209999999998
247.4691,10.912410000000001
247.6215,12.63581
247.7739,12.983849999999997
247.9263,18.974219999999995
248.0787,19.288429999999998
248.2311,16.542989999999996
248.3835,15.966949999999997
248.5359,13.656660000000002
248.6883,11.771619999999999
248.8407,2.5833200000000005
248.9931,-0.6057699999999997
249.1455,-0.07784000000000191
249.2979,-0.8443599999999947
249.4503,-1.6085300000000018
249.6027,-1.074770000000001
249.7551,-1.5301299999999998
249.9075,-2.6788000000000025
250.0599,-6.821480000000001
250.2123,-12.954229999999995
250.3647,-14.15211
250.5171,-11.901980000000002
250.6695,-13.918030000000002
250.8219,-14.13138
250.9743,-22.891889999999997
251.1267,-18.877580000000002
251.2791,-16.379819999999995
251.4315,-15.58831
251.5839,-11.525190000000002
251.7363,-7.43168
251.8887,-2.7091700000000003
252.0411,-3.1845300000000023
252.1935,-2.4209400000000016
252.3459,-2.208600000000004
252.4983,-0.30999999999999517
252.6507,4.377280000000006
252.8031,4.850450000000002
252.9555,4.536490000000001
253.1079,7.630500000000005
253.2603,7.992189999999994
253.4127,11.713540000000002
253.5651,13.85859
253.7175,12.319589999999998
253.8699,12.978460000000005
254.0223,16.15992
254.1747,9.455669999999998
254.3271,2.8449699999999964
254.4795,3.8792200000000037
254.6319,1.2785999999999973
254.7843,-5.620800000000003
254.9367,-7.315989999999999
255.0891,-10.801670000000001
255.2415,-8.176869999999994
255.3939,-6.52731
255.5463,-3.7717500000000044
255.6987,-4.638680000000001
255.8511,-5.844850000000001
256.0035,-2.6697399999999973
256.1559,-7.858780000000003
256.3083,-4.234959999999994
256.4607,-7.386200000000002
256.6131,-10.342100000000002
256.7655,-12.123929999999994
256.9179,-11.222160000000002
257.0703,-8.249519999999997
257.2227,-3.7993199999999945
257.3751,-0.8692399999999978
257.5275,-0.32974000000000103
257.6799,-2.8050799999999967
257.8323,2.350990000000003
257.9847,-0.9235499999999988
258.1371,2.5426199999999994
258.2895,-2.1978600000000057
258.4419,-2.3887399999999985
258.5943,-5.948189999999997
258.7467,-5.678310000000003
258.8991,-4.397739999999999
259.0515,-6.225529999999999
259.2039,0.6664099999999991
259.3563,1.3305399999999992
259.5087,3.2810400000000044
259.6611,9.382390000000001
259.8135,11.60987
259.9659,12.800229999999999
260.1183,7.098129999999998
260.2707,5.62359
260.4231,4.124580000000002
260.5755,5.9774499999999975
260.7279,12.14828
260.8803,17.8881
261.0327,22.18804
261.1851,19.306650000000005
261.3375,18.277910000000006
261.4899,17.464309999999998
261.6423,17.149250000000002
261.7947,17.31006
261.9471,17.168909999999997
262.0995,20.935069999999996
262.2519,17.925330000000002
262.4043,15.987769999999998
262.5567,12.115679999999998
262.7091,6.318429999999999
262.8615,5.204319999999996
263.0139,1.6123899999999978
263.1663,3.932079999999999
263.3187,2.985049999999994
263.4711,3.1804699999999997
263.6235,0.029160000000004516
263.7759,-8.0122
263.9283,-10.64537
264.0807,-12.812429999999999
264.2331,-8.763649999999998
264.3855,-12.086300000000001
264.5379,-16.219099999999997
264.6903,-17.157210000000006
264.8427,-17.86296
264.9951,-16.692390000000003
265.1475,-19.12236
265.2999,-16.32906
265.4523,-13.962679999999999
265.6047,-9.899609999999996
265.7571,-5.167109999999994
265.9095,-2.0073700000000017
266.0619,-0.45606999999999687
266.2143,-2.478270000000002
266.3667,-2.623659999999994
266.5191,-1.0619599999999991
266.6715,2.42201
266.8239,4.764789999999998
266.9763,-0.45877000000000123
267.1287,-1.0515499999999989
267.2811,-0.69144
267.4335,9.956510000000002
267.5859,16.40934
267.7383,22.293820000000004
267.8907,15.560749999999999
268.0431,11.265270000000001
268.1955,7.196629999999999
268.3479,3.6868300000000005
268.5003,-1.1565799999999982
268.6527,-2.380200000000002
268.8051,-4.64996
268.9575,-3.36815
269.1099,-7.516829999999999
269.2623,-2.71134
269.4147,-7.519660000000002
269.5671,-7.662000000000006
269.7195,-9.453390000000006
269.8719,-7.680050000000001
270.0243,-6.246670000000002
270.1767,-3.240320000000004
270.3291,-4.92653
270.4815,-7.5655
270.6339,-11.813719999999996
270.7863,-11.867400000000004
270.9387,-10.674099999999996
271.0911,-8.433699999999995
271.2435,-3.172869999999996
271.3959,0.5536499999999975
271.5483,7.446159999999999
271.7007,6.335729999999998
271.8531,8.127939999999995
272.0055,2.865790000000004
272.1579,6.7794799999999995
272.3103,2.9149400000000014
272.4627,6.028309999999998
272.6151,4.3653500000000065
272.7675,2.751660000000001
272.9199,3.0932500000000047
273.0723,4.977730000000001
273.2247,6.385130000000004
273.3771,10.552949999999996
273.5295,7.557389999999998
273.6819,9.293529999999997
273.8343,7.188960000000002
273.9867,12.318599999999996
274.1391,10.15231
274.2915,7.367829999999998
274.4439,2.841529999999999
274.5963,-4.012680000000003
274.7487,-3.9823299999999975
274.9011,-8.381239999999998
275.0535,-5.991320000000002
275.2059,-1.9792300000000012
275.3583,3.419220000000003
275.5107,3.3130999999999986
275.6631,2.78087
275.8155,4.199330000000003
275.9679,6.2092699999999965
276.1203,0.5769200000000012
276.2727,-1.4554000000000045
276.4251,-5.526479999999999
276.5775,-3.861380000000004
276.7299,-7.623049999999999
276.8823,-6.91254
277.0347,-8.42566
277.1871,-6.356120000000004
277.3395,-4.158859999999997
277.4919,-4.644410000000001
277.6443,-2.0556100000000015
277.7967,-1.6253000000000029
277.9491,2.3576399999999964
278.1015,-0.1359199999999987
278.2539,-3.883040000000001
278.4063,-4.2206700000000055
278.5587,-2.454359999999994
278.7111,2.3851799999999983
278.8635,-4.760400000000004
279.0159,-14.074449999999999
279.1683,-10.767470000000003
279.3207,-11.90896
279.4731,-8.983170000000001
279.6255,-10.978449999999995
279.7779,-5.479320000000001
279.9303,-0.08227999999999724
280.0827,5.551900000000003
280.2351,5.725670000000001
280.3875,0.5183600000000013
280.5399,2.0615999999999985
280.6923,0.026150000000001228
280.8447,-0.7660100000000014
280.9971,-2.029609999999998
281.1495,1.6338000000000008
281.3019,-0.43461999999999534
281.4543,-3.25141
281.6067,-5.904760000000003
281.7591,-7.000710000000005
281.9115,1.5650499999999994
282.0639,8.09769
282.2163,11.492020000000004
282.3687,12.683260000000004
282.5211,11.65773
282.6735,11.6832
282.8259,7.989310000000003
282.9783,3.592559999999999
283.1307,-4.476050000000001
283.2831,-4.506639999999997
283.4355,0.04860999999999649
283.5879,4.287550000000003
283.7403,13.016910000000003
283.8927,13.097610000000003
284.0451,13.618210000000005
284.1975,10.291959999999996
284.3499,12.522359999999999
284.5023,13.451400000000007
284.6547,15.236150000000002
284.8071,12.08699
284.9595,11.33041
285.1119,11.92989
285.2643,12.424209999999995
285.4167,9.180599999999998
285.5691,13.162780000000005
285.7215,12.094429999999996
285.8739,12.767529999999994
286.0263,6.865220000000001
286.1787,6.802799999999998
286.3311,5.336659999999995
286.4835,5.350500000000004
286.6359,2.137050000000002
286.7883,-7.024860000000004
286.9407,-4.868560000000002
287.0931,-6.438600000000001
287.2455,-5.279979999999995
287.3979,-9.003230000000002
287.5503,-10.765800000000006
287.7027,-6.4310800000000015
287.8551,-4.417609999999996
288.0075,-7.301769999999998
288.1599,-8.927169999999997
288.3123,-12.872729999999997
288.4647,-8.270380000000003
288.6171,-12.209300000000006
288.7695,-3.860899999999994
288.9219,-3.1600799999999936
289.0743,0.9245299999999972
289.2267,1.1046700000000058
289.3791,-2.0159499999999966
289.5315,-1.6085100000000025
289.6839,-1.9645100000000042
289.8363,-0.3286199999999937
289.9887,-3.472749999999998
290.1411,-3.225820000000006
290.2935,-2.6721000000000004
290.4459,-3.581859999999999
290.5983,-6.042729999999999
290.7507,-8.00508
290.9031,-4.891289999999998
291.0555,1.7487800000000036
291.2079,1.820689999999999
291.3603,1.37115
291.5127,-3.9480899999999934
291.6651,-1.9443399999999968
291.8175,-6.7028099999999995
291.9699,-10.058910000000004
292.1223,-14.723669999999998
292.2747,-13.666530000000002
292.4271,-8.776470000000003
292.5795,-9.67819
292.7319,-9.377679999999998
292.8843,-7.7450800000000015
293.0367,-4.363619999999997
293.1891,3.1548100000000048
293.3415,4.49671
293.4939,6.726999999999997
293.6463,8.009730000000005
293.7987,7.992869999999996
293.9511,4.549699999999994
294.1035,1.6263799999999975
294.2559,7.034389999999995
294.4083,9.424859999999995
294.5607,9.840319999999998
294.7131,7.666699999999999
294.8655,1.7006899999999945
295.0179,5.188760000000002
295.1703,12.72699
295.3227,13.062799999999996
295.4751,9.11714
295.6275,7.2104
295.7799,4.827980000000004
295.9323,-0.45354000000000383
296.0847,-2.521710000000006
296.2371,-7.630690000000001
296.3895,-9.26034
296.5419,-6.489879999999999
296.6943,-0.2818200000000033
296.8467,3.0483700000000056
296.9991,6.27722
297.1515,6.559899999999999
297.3039,-0.8577499999999958
297.4563,-3.062489999999997
297.6087,0.49539000000000044
297.7611,0.22704999999999842
297.9135,4.038670000000003
298.0659,0.8044399999999996
298.2183,-3.693870000000004
298.3707,-1.1616999999999962
298.5231,5.59008
298.6755,4.913699999999999
298.8279,3.0323099999999954
298.9803,2.3391500000000036
299.1327,5.156770000000002
299.2851,4.7234300000000005
299.4375,9.703449999999997
299.5899,11.236170000000001
299.7423,7.399659999999997
299.8947,1.226379999999999
300.0471,-3.3943099999999973
300.1995,-7.913170000000001
300.3519,-10.116480000000003
300.5043,-10.124270000000003
300.6567,-12.353000000000002
300.8091,-12.197569999999999
300.9615,-10.556600000000003
301.1139,-8.254480000000001
301.2663,-7.50817
301.4187,-5.171700000000001
301.5711,-5.373899999999999
301.7235,-2.6950299999999956
301.8759,2.38711
302.0283,6.585159999999995
302.1807,3.2836500000000015
302.3331,-1.2239300000000028
302.4855,-7.318779999999997
302.6379,-13.970280000000002
302.7903,-14.829189999999997
302.9427,-14.083100000000002
303.0951,-13.649319999999996
303.2475,-14.153399999999998
303.3999,-11.248909999999995
303.5523,-8.769119999999994
303.7047,-7.4040099999999995
303.8571,-7.169310000000003
304.0095,-8.886629999999997
304.1619,-6.268090000000001
304.3143,-1.5318599999999947
304.4667,-4.114370000000001
304.6191,-5.29992
304.7715,-5.820660000000004
304.9239,-5.518909999999998
305.0763,-4.6455099999999945
305.2287,-6.94735
305.3811,-6.203659999999999
305.5335,-8.49613
305.6859,-5.519649999999999
305.8383,-8.074350000000003
305.9907,-7.725749999999998
306.1431,-6.980880000000006
306.2955,-3.5604200000000006
306.4479,-0.32037000000000404
306.6003,-0.007530000000002701
306.7527,0.6738799999999969
306.9051,0.6975500000000068
307.0575,3.094769999999997
307.2099,2.0395400000000024
307.3623,-1.2217800000000025
307.5147,-0.3341399999999979
307.6671,-1.1911500000000004
307.8195,-3.5044299999999993
307.9719,-6.804700000000004
308.1243,-12.75996
308.2767,-8.67369
308.4291,-8.553779999999996
308.5815,-3.816749999999999
308.7339,-3.792049999999996
308.8863,-1.1501999999999981
309.0387,-1.6474700000000055
309.1911,0.5922499999999999
309.3435,1.4363400000000013
309.4959,0.908920000000002
309.6483,-0.8750100000000032
309.8007,0.34691000000000116
309.9531,-3.274560000000001
310.1055,-4.9558800000000005
310.2579,-4.607820000000004
310.4103,-4.690649999999998
310.5627,-5.9849200000000025
310.7151,-6.340669999999996
310.8675,-5.401809999999998
311.0199,-3.4277099999999976
311.1723,0.18656999999999613
311.3247,-4.092320000000001
311.4771,-5.818180000000002
311.6295,-9.118350000000003
311.7819,-6.403850000000002
311.9343,-8.25546
312.0867,-8.744139999999998
312.2391,-9.958449999999996
312.3915,-9.771870000000003
312.5439,-7.92024
312.6963,-6.409999999999997
312.8487,-6.53687
313.0011,-3.451210000000003
313.1535,-3.1513899999999992
313.3059,-1.0135699999999943
313.4583,-1.651360000000004
313.6107,-2.123599999999996
313.7631,-1.5860699999999994
313.9155,3.128869999999999
314.0679,3.183390000000003
314.2203,6.116550000000004
314.3727,5.632539999999999
314.5251,9.728399999999997
314.6775,13.582130000000003
314.8299,14.77403
314.9823,14.033479999999997
315.1347,18.706480000000003
315.2871,16.08738
315.4395,15.133840000000003
315.5919,10.806269999999998
315.7443,8.161929999999998
315.8967,0.9058500000000009
316.0491,-0.7354599999999998
316.2015,0.016730000000002576
316.3539,-4.131740000000004
316.5063,-3.7326399999999964
316.6587,-5.872470000000003
316.8111,-7.808720000000001
316.9635,-10.96846
317.1159,-10.892180000000003
317.2683,-13.258170000000003
317.4207,-10.008319999999998
317.5731,-7.960409999999996
317.7255,-9.311110000000006
317.8779,-9.861849999999997
318.0303,-9.444469999999995
318.1827,-12.007310000000004
318.3351,-10.07461
318.4875,-10.18808
318.6399,-5.578359999999996
318.7923,-5.136969999999998
318.9447,0.5549900000000036
319.0971,1.2748200000000018
319.2495,0.4493799999999979
319.4019,1.1515100000000018
319.5543,0.8522699999999972
319.7067,3.0995900000000027
319.8591,2.7264899999999983
320.0115,2.0814999999999984
320.1639,-0.5151299999999992
320.3163,-6.442619999999998
320.4687,-6.986999999999998
320.6211,-8.00393
320.7735,-8.151279999999996
320.9259,-9.901140000000002
321.0783,-7.851810000000004
321.2307,-8.667979999999996
321.3831,-8.62341
321.5355,-6.7533800000000035
321.6879,-11.699130000000004
321.8403,-11.767670000000003
321.9927,-10.863940000000003
322.1451,-10.06896
322.2975,-9.014609999999998
322.4499,-6.97542
322.6023,-5.587869999999999
322.7547,-7.01229
322.9071,-7.7050100000000015
323.0595,-7.44162
323.2119,-4.8128899999999994
323.3643,6.617929999999998
323.5167,5.3492599999999975
323.6691,5.749269999999999
323.8215,5.564519999999998
323.9739,4.101099999999999
324.1263,1.9591700000000003
324.2787,2.312339999999999
324.4311,3.138399999999997
324.5835,4.389880000000002
324.7359,4.700939999999999
324.8883,7.6368800000000014
325.0407,3.893329999999999
325.1931,5.312709999999999
325.3455,5.939129999999999
325.4979,4.736349999999998
325.6503,2.8800999999999988
325.8027,2.467799999999997
325.9551,1.9290100000000017
326.1075,4.1548300000000005
326.2599,5.176780000000001
326.4123,2.54242
326.5647,2.006800000000002
326.7171,0.2540799999999983
326.8695,-0.7750099999999982
327.0219,-2.672370000000001
327.1743,-2.5007299999999972
327.3267,0.02330999999999861
327.4791,-1.5936699999999995
327.6315,-4.791150000000002
327.7839,-5.7340599999999995
327.9363,-7.454280000000001
328.0887,-4.854140000000001
328.2411,-2.755600000000001
328.3935,-4.303650000000001
328.5459,-2.187249999999999
328.6983,-1.7933599999999998
328.8507,2.4393700000000003
329.0031,2.4312199999999997
329.1555,0.10184999999999889
329.3079,-1.8328600000000002
329.4603,-3.1075899999999983
329.6127,0.5174699999999994
329.7651,2.972570000000001
329.9175,1.5650399999999998
330.0699,3.2761700000000005
330.2223,3.6125899999999973
330.3747,2.665040000000001
330.5271,5.068840000000002
330.6795,6.647770000000001
330.8319,10.185210000000001
330.9843,10.602829999999997
331.1367,10.001830000000002
331.2891,5.018320000000003
331.4415,4.377770000000002
331.5939,-0.5003600000000006
331.7463,-1.0992999999999995
331.8987,-5.727179999999997
332.0511,-3.1766599999999983
332.2035,-2.2693099999999973
332.3559,-2.065540000000002
332.5083,-3.5122099999999996
332.6607,-5.981079999999999
332.8131,-7.975839999999998
332.9655,-4.500129999999999
333.1179,-2.3352900000000005
333.2703,-0.4899699999999996
333.4227,2.011759999999999
333.5751,2.600399999999997
333.7275,2.04148
333.8799,4.293790000000001
334.0323,8.654240000000001
334.1847,16.888330000000003
334.3371,21.560089999999995
334.4895,23.390589999999996
334.6419,23.874879999999997
334.7943,22.654230000000002
334.9467,24.50433
335.0991,18.79186
335.2515,15.126619999999999
335.4039,13.323609999999999
335.5563,13.396819999999998
335.7087,16.280299999999997
335.8611,12.41948
336.0135,5.7128099999999975
336.1659,0.7759999999999998
336.3183,0.8171900000000001
336.4707,-2.266449999999999
336.6231,-3.7040099999999967
336.7755,-4.655010000000001
336.9279,-8.75994
337.0803,-9.519329999999997
337.2327,-15.672020000000003
337.3851,-15.89922
337.5375,-12.881299999999996
337.6899,-9.656509999999997
337.8423,-7.109369999999998
337.9947,-6.668599999999998
338.1471,-0.053300000000000125
338.2995,4.715910000000001
338.4519,8.937780000000004
338.6043,10.239049999999999
338.7567,1.9556499999999986
338.9091,4.666119999999999
339.0615,7.046840000000003
339.2139,10.273779999999999
339.3663,9.58905
339.5187,7.380049999999997
339.6711,3.111930000000001
339.8235,3.9479800000000047
339.9759,7.3096299999999985
340.1283,2.992509999999996
340.2807,2.3272699999999986
340.4331,0.2519400000000047
340.5855,-1.5085600000000028
340.7379,-1.7032099999999986
340.8903,-3.3626199999999997
341.0427,-0.8276700000000048
341.1951,-3.2497800000000012
341.3475,-3.5753600000000034
341.4999,-11.807879999999997
341.6523,-10.282309999999995
341.8047,-5.342119999999994
341.9571,-4.155010000000004
342.1095,-0.31256000000000483
342.2619,0.6054200000000023
342.4143,-3.1420400000000015
342.5667,-0.1460299999999961
342.7191,4.7966399999999965
342.8715,6.032259999999994
343.0239,5.917839999999998
343.1763,7.044550000000001
343.3287,2.9584000000000046
343.4811,3.2385299999999972
343.6335,1.4207999999999998
343.7859,-0.01910000000000167
343.9383,0.3531799999999947
344.0907,-2.813690000000001
344.2431,-2.380969999999998
344.3955,-5.381160000000001
344.5479,0.6254899999999992
344.7003,-3.5818300000000036
344.8527,-1.1014400000000037
345.0051,-1.0268899999999945
345.1575,-0.39184999999999803
345.3099,-2.4053299999999993
345.4623,3.6088100000000054
345.6147,1.9338499999999996
345.7671,6.776319999999998
345.9195,2.228740000000002
346.0719,-1.0590100000000007
346.2243,-1.584229999999998
346.3767,5.394069999999999
346.5291,7.480719999999998
346.6815,6.338140000000003
346.8339,4.704369999999997
346.9863,6.865400000000001
347.1387,4.075560000000003
347.2911,9.761510000000001
347.4435,9.18703
347.5959,11.143339999999995
347.7483,13.74707
347.9007,10.565570000000001
348.0531,10.25721
348.2055,7.676479999999998
348.3579,8.946489999999997
348.5103,3.023469999999996
348.6627,2.4521700000000024
348.8151,-2.9389699999999976
348.9675,-1.6324699999999979
349.1199,0.13750000000000284
349.2723,-4.75658
349.4247,-8.133810000000004
349.5771,-11.023289999999996
349.7295,-6.439050000000002
349.8819,-1.9401599999999988
350.0343,-0.32432999999999623
350.1867,0.03511000000000308
350.3391,-4.066660000000006
350.4915,-2.241579999999999
350.6439,-3.008269999999996
350.7963,-6.155670000000001
350.9487,-1.7172899999999984
351.1011,-2.2907300000000035
351.2535,-1.606819999999999
351.4059,-2.5571199999999976
351.5583,-1.0163999999999973
351.7107,-1.0515100000000004
351.8631,-2.7520900000000026
352.0155,-0.5540200000000013
352.1679,1.958919999999999
352.3203,7.078479999999999
352.4727,7.505490000000002
352.6251,6.999359999999996
352.7775,5.116579999999999
352.9299,4.377500000000005
353.0823,4.835819999999998
353.2347,6.075049999999997
353.3871,7.02458
353.5395,5.713610000000003
353.6919,6.174970000000002
353.8443,8.286909999999999
353.9967,3.9890100000000004
354.1491,3.386000000000003
354.3015,2.06823
354.4539,4.077559999999998
354.6063,7.414099999999998
354.7587,6.292359999999995
354.9111,7.961560000000006
355.0635,6.218089999999997
355.2159,4.003239999999998
355.3683,4.14235
355.5207,2.1678500000000014
355.6731,0.870350000000002
355.8255,0.2314800000000048
355.9779,-2.0595500000000015
356.1303,-0.9596400000000003
356.2827,-2.554220000000001
356.4351,-0.3119699999999952
356.5875,0.21473000000000297
356.7399,-2.479850000000006
356.8923,-4.917119999999997
357.0447,-6.941360000000003
357.1971,-7.761180000000003
357.3495,-5.50723
357.5019,-7.147579999999998
357.6543,-7.710500000000003
357.8067,-6.0859199999999944
357.9591,-6.523720000000004
358.1115,-7.072339999999997
358.2639,-7.395599999999995
358.4163,-6.348579999999998
358.5687,-4.859439999999999
358.7211,1.5079300000000018
358.8735,1.6633299999999949
359.0259,2.254019999999997
359.1783,-1.5361400000000032
359.3307,1.324060000000003
359.4831,-4.086400000000005
359.6355,-6.515530000000005
359.7879,-5.33079
359.9403,-6.230420000000002
360.0927,-5.0732
360.2451,-4.03096
360.3975,-6.3569399999999945
360.5499,-3.932160000000003
360.7023,-4.498379999999997
360.8547,-5.0757600000000025
361.0071,-3.232129999999998
361.1595,-0.7060600000000008
361.3119,0.6341999999999999
361.4643,-2.6632999999999996
361.6167,-0.5910000000000011
361.7691,-6.3769300000000015
361.9215,-5.814319999999995
362.0739,-5.8318299999999965
362.2263,-8.360789999999994
362.3787,-11.229000000000006
362.5311,-9.726949999999995
362.6835,-5.558489999999999
362.8359,-2.02187
362.9883,4.068010000000001
363.1407,6.889569999999999
363.2931,5.95252
363.4455,6.8126999999999995
363.5979,-1.414670000000001
363.7503,-3.801729999999999
363.9027,-2.1961999999999975
364.0551,-0.9617999999999967
364.2075,4.246479999999998
364.3599,4.285819999999994
364.5123,2.7751599999999996
364.6647,-1.1785800000000037
364.8171,1.5504900000000035
364.9695,3.2287899999999965
365.1219,7.322269999999996
365.2743,11.024479999999997
365.4267,15.13738
365.5791,15.690539999999999
365.7315,19.3675
365.8839,15.991300000000003
366.0363,11.55395
366.1887,11.58238
366.3411,11.432590000000005
366.4935,9.17006
366.6459,12.609740000000002
366.7983,13.938519999999997
366.9507,13.507659999999994
367.1031,13.88082
367.2555,11.416260000000001
367.4079,10.722230000000003
367.5603,17.870359999999998
367.7127,20.192600000000006
367.8651,22.86569
368.0175,14.806310000000003
368.1699,10.81008
368.3223,6.967179999999999
368.4747,2.41075
368.6271,-0.28596999999999895
368.7795,-6.085519999999995
368.9319,-7.871169999999999
369.0843,-6.985579999999999
369.2367,-8.0961
369.3891,-6.002380000000002
369.5415,-5.002110000000002
369.6939,-1.8900099999999966
369.8463,-0.4762099999999947
369.9987,-1.8956400000000002
370.1511,-5.124630000000003
370.3035,-9.149270000000001
370.4559,-8.08191
370.6083,-9.969810000000003
370.7607,-8.74962
370.9131,-13.094090000000001
371.0655,-10.781130000000005
371.2179,-8.585319999999996
371.3703,-4.888840000000002
371.5227,-6.701429999999995
371.6751,-5.382220000000004
371.8275,-9.304120000000005
371.9799,-6.630400000000002
372.1323,-7.4943700000000035
372.2847,-6.013149999999996
372.4371,-5.00414
372.5895,1.9390099999999961
372.7419,8.387619999999998
372.8943,4.976469999999999
373.0467,4.3261500000000055
373.1991,4.147829999999999
373.3515,3.549990000000001
373.5039,2.9052599999999984
373.6563,-3.02149
373.8087,-6.406270000000006
373.9611,-13.222930000000005
374.1135,-10.882929999999995
374.2659,-13.47157
374.4183,-12.097479999999997
374.5707,-5.857890000000005
374.7231,-5.599150000000002
374.8755,1.6174800000000005
375.0279,2.2745099999999994
375.1803,5.573980000000006
375.3327,4.080639999999995
375.4851,5.400660000000002
375.6375,1.326500000000003
375.7899,-4.6604600000000005
375.9423,-0.03715000000000401
376.0947,4.126089999999998
376.2471,5.148130000000002
376.3995,4.3902300000000025
376.5519,0.6308600000000055
376.7043,0.955360000000006
376.8567,-0.7824600000000004
377.0091,3.6216500000000025
377.1615,-0.33004999999999995
377.3139,-0.17068000000000438
377.4663,-2.2105899999999963
377.6187,-2.631679999999996
377.7711,0.5202900000000028
377.9235,2.7707200000000043
378.0759,5.405610000000003
378.2283,8.513469999999998
378.3807,14.70635
378.5331,12.060219999999994
378.6855,13.488509999999998
378.8379,12.181780000000003
378.9903,11.794810000000005
379.1427,6.842390000000002
379.2951,3.9904999999999973
379.4475,3.619979999999998
379.5999,0.9625199999999978
379.7523,3.196939999999998
379.9047,3.2941800000000043
380.0571,3.793120000000002
380.2095,7.373049999999999
380.3619,5.336440000000003
380.5143,2.227899999999998
380.6667,1.4840400000000002
380.8191,-0.6223099999999988
380.9715,0.36687999999999477
381.1239,-3.1393600000000035
381.2763,-2.2687000000000026
381.4287,-3.128529999999998
381.5811,-4.82141
381.7335,-9.000429999999994
381.8859,-11.600410000000004
382.0383,-12.871450000000003
382.1907,-10.119930000000004
382.3431,-8.313569999999999
382.4955,-6.45729
382.6479,-4.210149999999999
382.8003,-6.900240000000004
382.9527,-6.591329999999999
383.1051,-7.374980000000001
383.2575,-4.276910000000001
383.4099,-1.7194100000000034
383.5623,4.398240000000001
383.7147,2.3441699999999983
383.8671,4.082329999999999
384.0195,-1.911369999999998
384.1719,-3.520699999999998
384.3243,-6.846429999999998
384.4767,-9.077359999999999
384.6291,-3.5180699999999945
384.7815,-2.1455600000000032
384.9339,1.7247699999999995
385.0863,1.502040000000001
385.2387,-0.15939000000000192
385.3911,1.3202599999999975
385.5435,-3.878999999999998
385.6959,1.1748899999999978
385.8483,5.63955
386.0007,8.968969999999999
386.1531,7.783430000000003
386.3055,4.949249999999999
386.4579,5.495910000000002
386.6103,1.0957399999999993
386.7627,5.08775
386.9151,-1.8160600000000002
387.0675,-0.796129999999998
387.2199,2.5895300000000034
387.3723,7.800510000000003
387.5247,5.904179999999997
387.6771,0.549049999999994
387.8295,-1.0112799999999993
387.9819,-2.3892699999999962
388.1343,-1.4910500000000013
388.2867,2.8234100000000026
388.4391,4.029430000000005
388.5915,11.432000000000002
388.7439,9.344679999999997
388.8963,5.100500000000004
389.0487,2.148449999999997
389.2011,2.470579999999998
389.3535,3.5696099999999973
389.5059,0.603749999999998
389.6583,4.085349999999998
389.8107,3.5671099999999996
389.9631,8.390880000000003
390.1155,7.76305
390.2679,2.1888000000000005
390.4203,-2.3018300000000025
390.5727,-3.192920000000001
390.7251,-0.8624799999999979
390.8775,-0.9345300000000023
391.0299,-1.7167200000000022
391.1823,-4.425649999999997
391.3347,-10.536160000000002
391.4871,-12.870560000000005
391.6395,-13.013950000000001
391.7919,-11.774939999999994
391.9443,-7.401580000000003
392.0967,-6.783589999999997
392.2491,1.732680000000002
392.4015,5.685200000000002
392.5539,7.917350000000006
392.7063,1.7742999999999967
392.8587,-3.7051700000000025
393.0111,-7.331870000000002
393.1635,-10.91574
393.3159,-9.834020000000002
393.4683,-12.922919999999998
393.6207,-15.2603
393.7731,-13.805520000000001
393.9255,-8.873129999999996
394.0779,-6.9617
394.2303,-2.9827300000000037
394.3827,3.3028400000000033
394.5351,3.3701000000000008
394.6875,6.969699999999996
394.8399,9.02346
394.9923,8.549050000000001
395.1447,6.435989999999997
395.2971,0.018739999999993984
395.4495,-5.662579999999998
395.6019,-7.651710000000001
395.7543,-2.034409999999994
395.9067,0.06299000000000632
396.0591,2.2123599999999968
396.2115,7.222799999999999
396.3639,9.556889999999996
396.5163,10.47645
396.6687,17.672740000000005
396.8211,18.53192
396.9735,16.20758
397.1259,15.462339999999998
397.2783,12.018630000000002
397.4307,9.985529999999997
397.5831,7.757060000000003
397.7355,1.8991800000000012
397.8879,-0.534470000000006
398.0403,-2.206400000000002
398.1927,1.5451499999999996
398.3451,1.176010000000005
398.4975,1.8679300000000012
398.6499,-1.0040499999999994
398.8023,-8.347380000000001
398.9547,-8.208950000000002
399.1071,-6.761749999999999
399.2595,-7.8681100000000015
399.4119,-6.66939
399.5643,-6.624660000000006
399.7167,-11.079970000000003
399.8691,-13.697009999999999
400.0215,-14.318420000000003
400.1739,-8.74613
400.3263,-2.4947099999999978
400.4787,5.421200000000006
400.6311,5.44294
400.7835,6.680640000000004
400.9359,4.15155
401.0883,3.3171999999999997
401.2407,-2.3855799999999974
401.3931,-2.1732900000000015
401.5455,-5.222560000000001
401.6979,0.45751999999999526
401.8503,7.61448
402.0027,13.269599999999997
402.1551,14.963530000000006
402.3075,18.4033
402.4599,17.89683
402.6123,22.143929999999997
402.7647,21.765410000000003
402.9171,19.375820000000004
403.0695,15.12856
403.2219,8.087880000000006
403.3743,2.5926799999999943
403.5267,-6.337790000000005
403.6791,-3.111449999999998
403.8315,-1.524480000000004
403.9839,7.109480000000005
404.1363,15.326560000000008
404.2887,23.097260000000006
404.4411,26.868859999999998
404.5935,30.724969999999992
404.7459,25.511629999999997
404.8983,19.54515
405.0507,10.892920000000004
405.2031,10.14439999999999
405.3555,8.865639999999992
405.5079,7.644349999999996
405.6603,-1.505749999999992
405.8127,1.0369699999999966
405.9651,2.8367799999999903
406.1175,7.077069999999999
406.2699,4.730639999999994
406.4223,1.1771600000000007
406.5747,-3.9956999999999994
406.7271,-8.997930000000004
406.8795,-11.595979999999997
407.0319,-16.110040000000005
407.1843,-17.512790000000003
407.3367,-13.942390000000003
407.4891,-14.383699999999997
407.6415,-8.478669999999994
407.7939,-5.526939999999996
407.9463,1.1113
408.0987,6.326819999999998
408.2511,5.063730000000007
408.4035,3.4775000000000063
408.5559,8.129470000000012
408.7083,8.878799999999998
408.8607,6.6284200000000055
409.0131,3.1706300000000027
409.1655,2.24709
409.3179,6.31532
409.4703,13.828820000000007
409.6227,18.341280000000005
409.7751,20.66187
409.9275,23.962379999999996
410.0799,24.10246
410.2323,16.70883
410.3847,9.213660000000004
410.5371,1.5803200000000004
410.6895,-5.050280000000001
410.8419,-0.7434899999999942
410.9943,-4.325959999999995
411.1467,-3.8973199999999935
411.2991,-4.163030000000006
411.4515,-6.213579999999993
411.6039,-11.138540000000006
411.7563,-5.4215599999999995
411.9087,-0.18894000000000233
412.0611,1.2373600000000096
412.2135,1.3412799999999976
412.3659,0.3185200000000066
412.5183,-0.7145300000000105
412.6707,1.2848299999999995
412.8231,3.654420000000002
412.9755,-3.636160000000004
413.1279,-7.276160000000004
413.2803,-6.1139399999999995
413.4327,-3.159080000000003
413.5851,2.362959999999994
413.7375,0.9611999999999981
413.8899,-3.4332000000000065
414.0423,-5.822550000000007
414.1947,-7.785950000000007
414.3471,-6.261719999999997
414.4995,-2.187260000000009
414.6519,-0.8948499999999981
414.8043,-3.5990800000000007
414.9567,-11.115270000000002
415.1091,-8.360350000000004
415.2615,-10.275939999999999
415.4139,-5.56673
415.5663,-5.305049999999994
415.7187,-5.958669999999998
415.8711,-4.4461100000000044
416.0235,-0.29907999999998935
416.1759,2.3652000000000015
416.3283,3.0199700000000007
416.4807,1.8580499999999915
416.6331,0.8350900000000081
416.7855,2.33100000000001
416.9379,3.4947000000000017
417.0903,8.383009999999999
417.2427,10.149660000000004
417.3951,2.0673200000000023
417.5475,-0.5385399999999976
417.6999,-3.1537900000000008
417.8523,1.1176499999999976
418.0047,1.658210000000004
418.1571,4.203030000000005
418.3095,10.829810000000002
418.4619,10.312620000000003
418.6143,14.189509999999999
418.7667,12.910489999999996
418.9191,5.361289999999997
419.0715,8.78228
419.2239,5.046869999999998
419.3763,3.7076899999999995
419.5287,1.0785000000000053
419.6811,2.8634699999999924
419.8335,1.9094300000000004
419.9859,0.5538200000000018
420.1383,-4.948329999999999
420.2907,-11.050670000000004
420.4431,-4.36965
420.5955,-2.1629700000000014
420.7479,-2.6387
420.9003,-8.031970000000001
421.0527,-2.9368200000000044
421.2051,-5.491170000000004
421.3575,-6.694580000000002
421.5099,-7.307190000000006
421.6623,-13.93893
421.8147,-14.518390000000004
421.9671,-8.043079999999996
422.1195,-9.05404
422.2719,-5.186519999999987
422.4243,0.1598900000000043
422.5767,5.2457899999999995
422.7291,8.612459999999999
422.8815,11.056069999999991
423.0339,10.935810000000004
423.1863,13.442819999999998
423.3387,15.411709999999992
423.4911,18.92823
423.6435,16.363250000000008
423.7959,19.206579999999995
423.9483,19.67228
424.1007,16.174079999999996
424.2531,19.498579999999997
424.4055,16.310860000000005
424.5579,11.732079999999996
424.7103,7.633480000000006
424.8627,7.667369999999998
425.0151,5.9679199999999994
425.1675,1.4324999999999903
425.3199,0.7687899999999956
425.4723,-2.175380000000004
425.6247,-3.562430000000006
425.7771,-11.376349999999988
425.9295,-14.764379999999996
426.0819,-14.805340000000001
426.2343,-15.847449999999995
426.3867,-13.173759999999994
426.5391,-18.215049999999998
426.6915,-16.771000000000008
426.8439,-14.556339999999999
426.9963,-11.196550000000002
427.1487,-13.101519999999994
427.3011,-16.243209999999998
427.4535,-13.739270000000005
427.6059,-13.227629999999998
427.7583,-10.991280000000003
427.9107,-9.834509999999995
428.0631,-8.734849999999994
428.2155,-6.580189999999995
428.3679,-7.954920000000001
428.5203,-7.803139999999999
428.6727,-9.297889999999995
428.8251,-1.5239800000000088
428.9775,1.8701000000000008
429.1299,5.405990000000003
429.2823,9.169849999999997
429.4347,12.006920000000001
429.5871,15.579709999999999
429.7395,14.407919999999997
429.8919,14.073479999999996
430.0443,11.586960000000005
430.1967,11.290499999999994
430.3491,10.378589999999996
430.5015,13.23921
430.6539,21.15551
430.8063,21.296890000000005
430.9587,18.124529999999993
431.1111,15.867919999999998
431.2635,14.293470000000006
431.4159,14.262280000000004
431.5683,8.026629999999997
431.7207,8.785430000000005
431.8731,2.1146600000000007
432.0255,5.29079999999999
432.1779,4.142539999999997
432.3303,1.4630999999999972
432.4827,-0.543760000000006
432.6351,1.2999400000000065
432.7875,3.286900000000003
432.9399,-0.497799999999998
433.0923,2.145169999999993
433.2447,2.8430000000000035
433.3971,1.2440799999999967
433.5495,-5.057949999999991
433.7019,-11.062780000000004
433.8543,-7.082350000000005
434.0067,-0.38293999999999073
434.1591,4.6994200000000035
434.3115,6.897539999999992
434.4639,6.256709999999998
434.6163,9.706789999999998
434.7687,8.028189999999995
434.9211,9.20881
435.0735,6.51173
435.2259,5.126089999999991
435.3783,7.283470000000008
435.5307,2.015410000000003
435.6831,-3.4404400000000095
435.8355,-6.253630000000001
435.9879,-3.7074700000000007
436.1403,-5.545759999999987
436.2927,-0.6132099999999951
436.4451,2.948350000000005
436.5975,6.208549999999988
436.7499,2.8572200000000123
436.9023,0.4660999999999973
437.0547,-1.511020000000002
437.2071,-6.278770000000009
437.3595,-4.459769999999992
437.5119,-5.035049999999998
437.6643,-1.6314600000000041
437.8167,-4.994460000000004
437.9691,-3.802199999999999
438.1215,-3.87572999999999
438.2739,-6.575389999999999
438.4263,-8.894919999999999
438.5787,-9.314869999999999
438.7311,-5.17828999999999
438.8835,-4.208219999999997
439.0359,-3.653409999999994
439.1883,-1.8568200000000132
439.3407,-6.2849000000000075
439.4931,-10.976299999999995
439.6455,-14.445449999999994
439.7979,-9.00688000000001
439.9503,-5.253109999999992
440.1027,-4.507390000000001
440.2551,1.0937300000000079
440.4075,-4.35287000000001
440.5599,-1.6865300000000047
440.7123,-0.753949999999989
440.8647,5.742450000000005
441.0171,4.861840000000001
441.1695,0.21016999999999086
441.3219,3.4746900000000096
441.4743,2.1343299999999914
441.6267,4.133260000000007
441.7791,2.7771399999999886
441.9315,1.1874799999999937
442.0839,0.1390700000000038
442.2363,-6.270889999999994
442.3887,-1.7397199999999913
442.5411,-2.0796899999999994
442.6935,4.846679999999992
442.8459,4.9569800000000015
442.9983,2.1901299999999964
443.1507,0.12013000000000318
443.3031,-6.440120000000007
443.4555,-3.090519999999998
443.6079,-2.799059999999997
443.7603,-4.324660000000009
443.9127,-4.556820000000002
444.0651,-9.690740000000005
444.2175,-6.526469999999989
444.3699,-8.673360000000002
444.5223,-4.606589999999997
444.6747,-3.337510000000009
444.8271,-6.117659999999994
444.9795,-2.008829999999989
445.1319,-5.651880000000006
445.2843,-0.6328099999999992
445.4367,-7.640120000000003
445.5891,-7.130390000000006
445.7415,-10.137469999999993
445.8939,-9.200609999999998
446.0463,-8.724060000000001
446.1987,-10.922600000000003
446.3511,-6.909949999999995
446.5035,-5.068629999999999
446.6559,-1.2473400000000083
446.8083,1.9494400000000098
446.9607,-1.0073799999999977
447.1131,4.177430000000001
447.2655,6.126649999999998
447.4179,5.646100000000004
447.5703,-5.260620000000003
447.7227,-5.398059999999994
447.8751,-0.9724600000000052
448.0275,2.0908099999999905
448.1799,7.084010000000006
448.3323,7.87659
448.4847,11.117550000000001
448.6371,15.709969999999998
448.7895,12.132530000000003
448.9419,12.882629999999992
449.0943,7.38832
449.2467,8.531710000000004
449.3991,8.854339999999993
449.5515,8.757620000000003
449.7039,2.5999900000000054
449.8563,-1.6258000000000123
450.0087,2.977890000000002
450.1611,2.754080000000002
450.3135,1.1320199999999971
450.4659,3.9854999999999876
450.6183,9.827340000000007
450.7707,13.934170000000002
450.9231,10.318380000000005
451.0755,3.5107200000000063
451.2279,-1.7071000000000112
451.3803,-1.8132300000000043
451.5327,-6.041409999999999
451.6851,-9.80641
451.8375,-8.133120000000005
451.9899,-10.039389999999997
452.1423,-6.0150799999999975
452.2947,-2.120900000000006
452.4471,-4.104839999999996
452.5995,-4.851320000000001
452.7519,-5.589089999999999
452.9043,-7.549569999999989
453.0567,-10.736630000000005
453.2091,-7.014989999999997
453.3615,-9.864350000000002
453.5139,-7.460229999999996
453.6663,-4.61824
453.8187,-8.087220000000002
453.9711,-9.104750000000003
454.1235,-6.260860000000008
454.2759,-3.2486199999999883
454.4283,-5.3527699999999925
454.5807,4.044749999999993
454.7331,5.053089999999997
454.8855,2.5122400000000056
455.0379,-2.086909999999996
455.1903,-2.067530000000005
455.3427,-4.312640000000002
455.4951,-1.4685099999999949
455.6475,-5.785290000000003
455.7999,-8.189840000000004
455.9523,-9.862390000000005
456.1047,-8.986639999999994
456.2571,-10.164230000000003
456.4095,-7.053080000000001
456.5619,-9.993369999999999
456.7143,-10.994410000000002
456.8667,-12.995069999999998
457.0191,-12.162059999999997
457.1715,-13.884059999999991
457.3239,-9.889270000000003
457.4763,-5.702560000000005
457.6287,-9.19549
457.7811,-9.286109999999994
457.9335,-8.787210000000002
458.0859,-7.5852099999999965
458.2383,-9.404499999999999
458.3907,-7.284379999999999
458.5431,-8.058720000000001
458.6955,-5.676609999999997
458.8479,-4.0123199999999954
459.0003,-3.6215800000000016
459.1527,-3.55227
459.3051,-2.423019999999994
459.4575,-0.3183599999999984
459.6099,0.9597499999999997
459.7623,1.9709099999999964
459.9147,10.379489999999997
460.0671,14.062069999999999
460.2195,17.74884999999999
460.3719,11.10828
460.5243,7.996520000000004
460.6767,6.917830000000002
460.8291,4.138529999999996
460.9815,2.7294100000000014
461.1339,2.6514299999999977
461.2863,6.087400000000002
461.4387,6.939360000000001
461.5911,3.7189699999999988
461.7435,5.917090000000002
461.8959,7.668320000000001
462.0483,16.519730000000003
462.2007,13.758580000000002
462.3531,12.817909999999998
462.5055,12.360239999999997
462.6579,12.030630000000002
462.8103,14.88617
462.9627,6.32761
463.1151,1.328879999999998
463.2675,-5.72840999999999
463.4199,-1.7700000000000102
463.5723,-0.4901300000000077
463.7247,1.9135399999999976
463.8771,6.492359999999998
464.0295,8.67913
464.1819,6.905309999999993
464.3343,3.397909999999996
464.4867,-2.822649999999996
464.6391,0.050399999999996226
464.7915,2.9238299999999953
464.9439,3.216160000000002
465.0963,-0.44876000000000715
465.2487,2.0398500000000013
465.4011,1.0276899999999927
465.5535,-3.0583699999999965
465.7059,-2.459530000000001
465.8583,-5.363910000000004
466.0107,-4.189980000000006
466.1631,-1.5382699999999971
466.3155,1.2904299999999935
466.4679,-1.0756199999999936
466.6203,-0.31392999999999915
466.7727,-0.19356999999999402
466.9251,-1.8917999999999893
467.0775,-2.9666799999999967
467.2299,0.13648000000000593
467.3823,-5.0193200000000004
467.5347,-2.1008800000000036
467.6871,-3.760010000000001
467.8395,-8.025179999999999
467.9919,-6.145530000000008
468.1443,-8.908739999999995
468.2967,-8.048790000000004
468.4491,-7.5583699999999965
468.6015,-2.3103499999999997
468.7539,-2.76361
468.9063,-3.1189699999999974
469.0587,2.365140000000011
469.2111,0.8280400000000014
469.3635,-0.31372000000000355
469.5159,-1.0257700000000014
469.6683,-4.675689999999996
469.8207,-5.609100000000005
469.9731,-7.532380000000003
470.1255,-3.9144500000000093
470.2779,-3.94041
470.4303,9.566520000000004
470.5827,14.632460000000002
470.7351,16.777630000000002
470.8875,19.91603
471.0399,11.92859
471.1923,13.39425
471.3447,9.527549999999998
471.4971,12.248760000000004
471.6495,9.019480000000001
471.8019,9.550120000000007
471.9543,9.984730000000006
472.1067,8.269899999999993
472.2591,7.433700000000002
472.4115,3.6774600000000106
472.5639,3.3830899999999957
472.7163,3.8695300000000046
472.8687,1.7298800000000014
473.0211,1.4495099999999965
473.1735,-1.3193699999999993
473.3259,0.15404999999999802
473.4783,-7.543220000000005
473.6307,-14.089269999999999
473.7831,-16.814749999999997
473.9355,-20.59917
474.0879,-10.175449999999998
474.2403,-9.754069999999999
474.3927,-2.960260000000005
474.5451,-10.297360000000005
474.6975,-11.868929999999999
474.8499,-10.43321000000001
475.0023,-7.395989999999998
475.1547,-9.15285
475.3071,-6.206680000000006
475.4595,-1.2057700000000011
475.6119,5.345010000000002
475.7643,4.1874600000000015
475.9167,6.253609999999995
476.0691,8.835990000000002
476.2215,10.011890000000008
476.3739,9.440129999999996
476.5263,11.105339999999998
476.6787,11.447590000000005
476.8311,10.700589999999998
476.9835,13.87118000000001
477.1359,12.093239999999994
477.2883,11.5441
477.4407,5.730400000000003
477.5931,7.10913
477.7455,5.811689999999992
477.8979,2.5285299999999964
478.0503,0.922229999999999
478.2027,2.6440699999999993
478.3551,5.1602299999999985
478.5075,4.042029999999997
478.6599,-0.1878899999999959
478.8123,1.415149999999997
478.9647,-4.725929999999991
479.1171,-5.6966699999999975
479.2695,-5.595130000000012
479.4219,-7.186069999999994
479.5743,-6.7272999999999925
479.7267,-4.02058000000001
479.8791,-3.6655800000000056
480.0315,-9.928480000000008
480.1839,-13.215259999999994
480.3363,-9.790500000000002
480.4887,-7.526479999999992
480.6411,-2.3842499999999944
480.7935,-1.7261799999999994
480.9459,-3.3605799999999917
481.0983,-2.349980000000002
481.2507,-2.1672399999999925
481.4031,-6.442229999999995
481.5555,-7.9136099999999985
481.7079,-7.773150000000001
481.8603,-7.849160000000005
482.0127,-3.8503800000000012
482.1651,-3.7327200000000076
482.3175,-4.828489999999995
482.4699,-6.5912700000000015
482.6223,-7.607810000000001
482.7747,-6.824149999999996
482.9271,-5.530349999999991
483.0795,-2.625320000000002
483.2319,-3.4288000000000025
483.3843,-8.08538
483.5367,-8.760890000000003
483.6891,-10.440400000000004
483.8415,-10.826689999999992
483.9939,-7.671340000000001
484.1463,-10.35877
484.2987,-9.635850000000005
484.4511,-6.336870000000005
484.6035,-2.7086299999999994
484.7559,-1.2657600000000002
484.9083,-1.259999999999998
485.0607,1.733079999999994
485.2131,0.7576099999999997
485.3655,4.193890000000003
485.5179,6.370950000000001
485.6703,6.934329999999996
485.8227,4.676809999999996
485.9751,3.258749999999999
486.1275,3.8598500000000016
486.2799,7.434669999999997
486.4323,6.262100000000004
486.5847,6.504469999999998
486.7371,4.499549999999999
486.8895,6.56926
487.0419,4.225949999999997
487.1943,5.041399999999996
487.3467,1.3362200000000044
487.4991,-5.007039999999996
487.6515,-3.5379900000000006
487.8039,-8.12256
487.9563,-10.882509999999996
488.1087,-11.027299999999997
488.2611,-14.015299999999996
488.4135,-10.195540000000001
488.5659,-3.5870099999999994
488.7183,2.1174900000000036
488.8707,3.6198300000000074
489.0231,3.056910000000002
489.1755,2.411610000000003
489.3279,-3.006929999999997
489.4803,0.06137999999999977
489.6327,1.4769500000000022
489.7851,3.011490000000002
489.9375,5.643579999999993
490.0899,6.174340000000008
490.2423,4.644939999999998
490.3947,11.01516999999999
490.5471,11.29475
490.6995,8.72896
490.8519,11.714199999999998
491.0043,15.01406
491.1567,17.662640000000003
491.3091,21.6008
491.4615,17.109500000000004
491.6139,8.988029999999995
491.7663,4.555149999999998
491.9187,2.2779099999999914
492.0711,0.2489399999999904
492.2235,0.14873000000000047
492.3759,2.882779999999997
492.5283,6.411909999999999
492.6807,4.136200000000002
492.8331,3.530159999999995
492.9855,0.1876800000000003
493.1379,-1.2654100000000028
493.2903,-3.9276999999999944
493.4427,-11.220919999999992
493.5951,-5.725480000000005
493.7475,-0.8981100000000026
493.8999,4.014949999999999
494.0523,3.9872099999999904
494.2047,-2.282520000000005
494.3571,-1.503690000000006
494.5095,-1.0391600000000096
494.6619,4.106230000000011
494.8143,6.355850000000004
494.9667,7.338090000000008
495.1191,10.538470000000004
495.2715,14.574489999999997
495.4239,13.2487
495.5763,8.353970000000004
495.7287,9.438879999999997
495.8811,11.506930000000011
496.0335,14.1109
496.1859,14.934829999999991
496.3383,13.101059999999997
496.4907,14.38982
496.6431,10.88864000000001
496.7955,9.065470000000005
496.9479,-2.340119999999999
497.1003,-2.756209999999996
497.2527,-6.997199999999999
497.4051,-9.873759999999997
497.5575,-17.807869999999994
497.7099,-21.280960000000007
497.8623,-23.90963
498.0147,-22.369420000000005
498.1671,-19.031309999999998
498.3195,-16.174480000000003
498.4719,-14.249959999999994
498.6243,-11.248380000000012
498.7767,-10.835009999999997
498.9291,-13.331140000000005
499.0815,-15.972250000000003
499.2339,-15.00439999999999
499.3863,-11.816119999999998
499.5387,-8.673120000000004
499.6911,-4.058070000000001
499.8435,-6.728830000000002
499.9959,-0.4139199999999903
500.1483,0.2323599999999999
500.3007,3.6440799999999953
500.4531,5.199740000000006
500.6055,14.21593
500.7579,15.473100000000002
500.9103,15.022389999999994
501.0627,12.755679999999998
501.2151,10.430810000000001
501.3675,-1.8015199999999965
501.5199,-4.767479999999999
501.6723,-9.320219999999992
501.8247,-5.272680000000008
501.9771,0.4295099999999934
502.1295,1.6527500000000117
502.2819,-2.7170300000000083
502.4343,0.17394000000000176
502.5867,1.256920000000001
502.7391,2.4533699999999925
502.8915,4.6023
503.0439,6.371359999999996
503.1963,11.293660000000003
503.3487,10.592300000000009
503.5011,7.484159999999996
503.6535,1.3211199999999934
503.8059,2.131910000000005
503.9583,5.852029999999999
504.1107,6.9388799999999975
504.2631,6.240560000000002
504.4155,11.668859999999995
504.5679,13.940539999999999
504.7203,17.020200000000003
504.8727,7.409940000000006
505.0251,3.590280000000007
505.1775,0.2704699999999889
505.3299,4.768810000000002
505.4823,0.21378999999999593
505.6347,-4.250349999999997
505.7871,-14.903680000000001
505.9395,-17.660429999999998
506.0919,-15.311080000000004
506.2443,-10.678240000000002
506.3967,-2.705060000000003
506.5491,2.2847600000000057
506.7015,6.217620000000011
506.8539,5.60311999999999
507.0063,1.9007600000000053
507.1587,-2.7910600000000017
507.3111,-1.1025000000000063
507.4635,-0.09181999999999846
507.6159,2.467410000000001
507.7683,-0.7779299999999978
507.9207,5.01455
508.0731,3.1367000000000047
508.2255,4.817250000000001
508.3779,5.33914
508.5303,12.450840000000007
508.6827,15.857309999999998
508.8351,25.238170000000004
508.9875,23.50522999999999
509.1399,17.643159999999995
509.2923,5.191680000000005
509.4447,0.8684300000000036
509.5971,-4.810050000000004
509.7495,-7.4957800000000105
509.9019,-12.763599999999997
510.0543,-17.723620000000004
510.2067,-14.31067999999999
510.3591,-14.96987
510.5115,-14.19433
510.6639,-16.40341
510.8163,-13.292260000000006
510.9687,-15.434640000000002
511.1211,-16.306950000000008
511.2735,-14.913469999999997
511.4259,-15.721130000000002
511.5783,-17.728960000000008
511.7307,-17.25519
511.8831,-17.362479999999998
512.0355,-14.460359999999994
512.1879,-13.658169999999991
512.3403,-13.099200000000003
512.4927,-14.8416
512.6451,-9.542470000000002
512.7975,-5.132009999999994
512.9499,-4.174939999999999
513.1023,-0.186009999999996
513.2547,-1.4837400000000045
513.4071,-2.0694699999999955
513.5595,-3.477959999999996
513.7119,-1.6325199999999995
513.8643,-2.491880000000002
514.0167,0.30442000000000036
514.1691,5.116810000000001
514.3215,7.288310000000003
514.4739,8.900000000000006
514.6263,12.160469999999997
514.7787,8.324179999999998
514.9311,4.113329999999998
515.0835,1.2744
515.2359,1.7336400000000012
515.3883,0.9548899999999989
515.5407,6.014749999999992
515.6931,7.148509999999995
515.8455,4.900750000000002
515.9979,5.598979999999997
516.1503,5.362110000000001
516.3027,5.854190000000003
516.4551,7.100429999999996
516.6075,2.789839999999998
516.7599,8.39826
516.9123,10.590029999999999
517.0647,9.861240000000002
517.2171,2.2146399999999957
517.3695,1.2598799999999954
517.5219,2.3574100000000016
517.6743,-2.7449199999999934
517.8267,-2.917509999999993
517.9791,-2.898699999999998
518.1315,0.7945200000000057
518.2839,4.263660000000002
518.4363,4.775689999999997
518.5887,2.066190000000006
518.7411,0.8709300000000013
518.8935,2.8469499999999925
519.0459,6.970120000000001
519.1983,6.911859999999997
519.3507,5.713190000000004
519.5031,5.936690000000006
519.6555,8.900749999999995
519.8079,0.7874900000000054
519.9603,-4.707449999999994
520.1127,-6.1085800000000035
520.2651,-1.7892499999999956
520.4175,-1.9604700000000008
520.5699,-5.577030000000001
520.7223,-9.687339999999999
520.8747,-8.257020000000004
521.0271,-7.4239999999999995
521.1795,-6.703020000000002
521.3319,-8.303560000000004
521.4843,-6.759069999999994
521.6367,-7.994039999999998
521.7891,-6.328959999999995
521.9415,-6.108719999999998
522.0939,-5.856139999999996
522.2463,-5.4757100000000065
522.3987,-2.393799999999999
522.5511,-4.53537
522.7035,-2.280069999999995
522.8559,0.8272300000000001
523.0083,8.66274
523.1607,9.622649999999993
523.3131,9.727379999999997
523.4655,7.42325000000001
523.6179,7.281079999999996
523.7703,13.552870000000006
523.9227,10.573540000000001
524.0751,9.078450000000004
524.2275,6.0405099999999905
524.3799,6.749459999999999
524.5323,6.575379999999996
524.6847,2.189629999999994
524.8371,2.233710000000002
524.9895,-0.6438399999999973
525.1419,-0.8077200000000033
525.2943,1.333510000000004
525.4467,-3.8299500000000037
525.5991,-2.6900500000000065
525.7515,-2.6864399999999975
525.9039,-0.6491900000000044
526.0563,-2.9178799999999967
526.2087,-4.918009999999995
526.3611,-2.4789399999999944
526.5135,-3.2679500000000132
526.6659,0.9028799999999961
526.8183,-1.2594000000000136
526.9707,-0.30357999999999663
527.1231,0.4300399999999911
527.2755,0.1850300000000118
527.4279,-5.709960000000002
527.5803,-7.263489999999997
527.7327,-3.8520699999999977
527.8851,-1.5707000000000022
528.0375,-2.788809999999998
528.1899,-5.4734399999999965
528.3423,-7.601709999999997
528.4947,-3.7250000000000014
528.6471,-3.1440699999999993
528.7995,-2.898620000000001
528.9519,-5.330100000000002
529.1043,-6.043240000000004
529.2567,-2.0201899999999995
529.4091,-2.1620599999999968
529.5615,-2.672239999999988
529.7139,-2.68419999999999
529.8663,-2.641389999999987
530.0187,-1.8314300000000117
530.1711,-3.672559999999997
530.3235,0.3450599999999895
530.4759,5.247310000000006
530.6283,9.347519999999996
530.7807,7.8873999999999995
530.9331,1.5144500000000036
531.0855,0.40431999999999846
531.2379,1.4902000000000015
531.3903,1.4033000000000015
531.5427,2.1261299999999963
531.6951,2.4062800000000024
531.8475,4.958979999999997
531.9999,4.513090000000005
532.1523,2.3471199999999968
532.3047,2.0926800000000014
532.4571,-1.7032700000000034
532.6095,6.327189999999987
532.7619,2.3810399999999987
532.9143,8.394059999999996
533.0667,7.597640000000013
533.2191,9.366390000000003
533.3715,2.7736600000000067
533.5239,-0.6345100000000059
533.6763,-5.423669999999994
533.8287,-3.5341999999999985
533.9811,-2.948510000000006
534.1335,-1.8708500000000043
534.2859,-4.0522300000000016
534.4383,-3.428740000000005
534.5907,-5.413640000000001
534.7431,-2.7114800000000017
534.8955,-3.8475899999999967
535.0479,-4.349040000000002
535.2003,-0.6416200000000032
535.3527,-0.2042900000000003
535.5051,1.560299999999998
535.6575,-2.6436999999999955
535.8099,1.169079999999994
535.9623,-3.8482699999999994
536.1147,-2.5426100000000105
536.2671,-3.518889999999999
536.4195,-5.048310000000001
536.5719,-4.27272
536.7243,2.1296999999999997
536.8767,5.151219999999995
537.0291,9.731130000000007
537.1815,10.140999999999998
537.3339,11.682949999999998
537.4863,8.279539999999997
537.6387,10.395680000000006
537.7911,5.592880000000001
537.9435,5.1055999999999955
538.0959,5.055080000000004
538.2483,1.9078599999999994
538.4007,-4.374839999999999
538.5531,-8.372219999999999
538.7055,-10.136199999999995
538.8579,-9.630659999999999
539.0103,-8.735480000000003
539.1627,-10.643549999999998
539.3151,-10.518950000000004
539.4675,-6.414459999999998
539.6199,-4.111339999999998
539.7723,-4.307940000000002
539.9247,-7.181499999999993
540.0771,-9.578870000000002
540.2295,-10.405839999999998
540.3819,-13.27767
540.5343,-10.710409999999996
540.6867,-11.297940000000004
540.8391,-8.334040000000002
540.9915,-8.291549999999994
541.1439,-8.673480000000005
541.2963,-7.892649999999996
541.4487,-2.952759999999998
541.6011,-1.3698499999999996
541.7535,-0.049890000000004875
541.9059,-5.464179999999999
542.0583,-8.666339999999998
542.2107,-3.1641499999999994
542.3631,2.135219999999997
542.5155,5.490919999999996
542.6679,0.7815599999999989
542.8203,-2.676160000000003
542.9727,-4.345980000000004
543.1251,-3.178060000000002
543.2775,3.656570000000002
543.4299,10.623869999999997
543.5823,11.080039999999997
543.7347,13.788010000000007
543.8871,10.651340000000005
544.0395,8.448149999999991
544.1919,5.9155000000000015
544.3443,10.176089999999995
544.4967,9.22249
544.6491,14.208290000000005
544.8015,11.518650000000001
544.9539,11.349889999999995
545.1063,12.100470000000001
545.2587,9.587149999999994
545.4111,6.947279999999999
545.5635,2.759590000000003
545.7159,8.360630000000008
545.8683,11.084100000000007
546.0207,13.178740000000005
546.1731,12.078160000000004
546.3255,7.033069999999995
546.4779,0.0810600000000079
546.6303,1.4586200000000105
546.7827,1.759450000000001
546.9351,5.671549999999996
547.0875,5.575800000000001
547.2399,7.150379999999998
547.3923,1.5592500000000058
547.5447,0.6335499999999996
547.6971,-2.852310000000003
547.8495,-0.39455999999999847
548.0019,0.4644700000000057
548.1543,8.180129999999991
548.3067,5.995010000000008
548.4591,2.47796000000001
548.6115,1.5667299999999926
548.7639,-0.19163000000000352
548.9163,-1.6525200000000098
549.0687,-2.631060000000005
549.2211,1.2272099999999995
549.3735,1.997399999999999
549.5259,6.814019999999999
549.6783,6.717019999999991
549.8307,3.10436
549.9831,1.240070000000003
550.1355,1.3426900000000046
550.2879,0.5974800000000045
550.4403,1.613900000000001
550.5927,2.80140999999999
550.7451,4.724369999999993
550.8975,0.32062000000000523
551.0499,2.333269999999999
551.2023,-5.716629999999995
551.3547,-1.725909999999999
551.5071,-0.06750000000000966
551.6595,3.1670600000000064
551.8119,2.5267999999999944
551.9643,4.983770000000007
552.1167,5.692710000000005
552.2691,0.05236999999999625
552.4215,-4.767419999999987
552.5739,-6.611360000000005
552.7263,-9.114039999999996
552.8787,-4.105860000000007
553.0311,-1.9899000000000058
553.1835,1.7502800000000036
553.3359,8.32186999999999
553.4883,8.567769999999996
553.6407,4.5319100000000105
553.7931,-2.1858100000000036
553.9455,3.4931100000000015
554.0979,4.197190000000006
554.2503,4.321010000000001
554.4027,1.9887599999999992
554.5551,0.054020000000008395
554.7075,3.5548399999999987
554.8599,4.923000000000002
555.0123,-1.9071600000000046
555.1647,-1.8828400000000016
555.3171,0.8690799999999967
555.4695,5.671509999999998
555.6219,-1.4577499999999972
555.7743,-0.6092399999999998
555.9267,-6.471879999999999
556.0791,-7.175699999999992
556.2315,-6.772120000000001
556.3839,-11.656369999999995
556.5363,-10.626829999999998
556.6887,-5.902550000000005
556.8411,-1.4352499999999964
556.9935,-5.972310000000007
557.1459,-5.291540000000012
557.2983,-3.9233700000000056
557.4507,-2.5940099999999973
557.6031,2.3742599999999925
557.7555,-5.276359999999997
557.9079,-6.944339999999997
558.0603,-2.4965199999999896
558.2127,-4.2409800000000075
558.3651,-7.145809999999997
558.5175,-9.228490000000008
558.6699,-3.205690000000004
558.8223,-7.947470000000003
558.9747,-7.227910000000001
559.1271,-11.991860000000003
559.2795,-9.80565
559.4319,-8.228679999999997
559.5843,-10.510959999999997
559.7367,-14.34507
559.8891,-11.46924
560.0415,-9.326509999999999
560.1939,-7.644529999999996
560.3463,-3.9253499999999946
560.4987,-1.7147199999999998
560.6511,-2.7153899999999993
560.8035,-1.7530200000000065
560.9559,-4.063160000000003
561.1083,-3.2802800000000047
561.2607,5.193240000000003
561.4131,10.773160000000004
561.5655,8.010230000000007
561.7179,7.4292799999999986
561.8703,12.482160000000007
562.0227,12.637729999999998
562.1751,14.160240000000002
562.3275,5.184170000000002
562.4799,4.381689999999999
562.6323,3.6890500000000017
562.7847,1.8103499999999997
562.9371,-5.153599999999997
563.0895,-6.551949999999998
563.2419,-4.531019999999998
563.3943,-7.4191199999999995
563.5467,-10.539760000000001
563.6991,-9.392539999999997
563.8515,-5.280839999999998
564.0039,-0.9630299999999963
564.1563,4.012540000000001
564.3087,-1.5011599999999987
564.4611,-5.168900000000008
564.6135,0.2130200000000002
564.7659,-0.9584600000000023
564.9183,0.5185499999999905
565.0707,1.0001299999999986
565.2231,5.181910000000002
565.3755,5.739429999999992
565.5279,3.4404499999999913
565.6803,5.282899999999991
565.8327,5.5122399999999985
565.9851,18.404219999999995
566.1375,20.191409999999998
566.2899,14.697780000000002
566.4423,15.267059999999994
566.5947,12.572299999999998
566.7471,8.01115
566.8995,2.692600000000006
567.0519,-0.6158300000000025
567.2043,-6.592090000000006
567.3567,-8.666719999999998
567.5091,-9.491159999999994
567.6615,-13.531480000000002
567.8139,-6.2401299999999935
567.9663,-5.250009999999996
568.1187,-4.911359999999995
568.2711,-12.685230000000004
568.4235,-9.669689999999996
568.5759,-10.24237999999999
568.7283,-12.405079999999991
568.8807,-9.940289999999997
569.0331,-15.132659999999994
569.1855,-12.91854
569.3379,-12.459690000000002
569.4903,-15.034579999999998
569.6427,-12.268970000000003
569.7951,-6.709209999999999
569.9475,-0.16027000000000413
570.0999,1.3188299999999984
570.2523,-3.9434399999999954
570.4047,-2.851140000000001
570.5571,-4.86139
570.7095,-0.08133000000000123
570.8619,-4.879300000000001
571.0143,-4.836680000000001
571.1667,-6.115790000000004
571.3191,-1.3924099999999981
571.4715,1.1959700000000026
571.6239,5.068449999999999
571.7763,8.92544999999999
571.9287,11.155499999999996
572.0811,6.1299199999999985
572.2335,2.596110000000003
572.3859,2.0659199999999984
572.5383,3.939310000000006
572.6907,1.9187500000000028
572.8431,0.38702999999999577
572.9955,-2.0157999999999987
573.1479,1.7299100000000038
573.3003,3.5445999999999955
573.4527,-1.77252
573.6051,-3.0348299999999995
573.7575,-5.902999999999999
573.9099,-0.42009000000000185
574.0623,-0.8249599999999973
574.2147,1.674660000000003
574.3671,0.5651200000000003
574.5195,-3.166560000000004
574.6719,-6.825220000000002
574.8243,-10.79202999999999
574.9767,-11.009879999999995
575.1291,-5.455590000000001
575.2815,0.06441999999999837
575.4339,2.215830000000004
575.5863,4.054929999999992
575.7387,4.3696899999999985
575.8911,1.6957299999999975
576.0435,0.9513699999999972
576.1959,-6.203969999999998
576.3483,-3.895299999999999
576.5007,1.317459999999997
576.6531,5.100670000000001
576.8055,6.299610000000001
576.9579,-0.22035999999999945
577.1103,-2.288800000000002
577.2627,-5.71293
577.4151,-3.9357200000000034
577.5675,-4.712869999999995
577.7199,-3.1881899999999987
577.8723,-2.347060000000006
578.0247,-3.7970499999999987
578.1771,-8.271059999999999
578.3295,-12.93497
578.4819,-14.886500000000005
578.6343,-16.397119999999994
578.7867,-13.543259999999997
578.9391,-13.01831
579.0915,-12.451709999999999
579.2439,-5.308160000000001
579.3963,-5.2879000000000005
579.5487,-4.5717
579.7011,-5.25488
579.8535,-5.837400000000002
580.0059,-5.571109999999997
580.1583,-6.120829999999998
580.3107,-4.259610000000002
580.4631,-6.909320000000001
580.6155,-8.77541
580.7679,-11.225480000000005
580.9203,-16.156309999999998
581.0727,-15.091010000000004
581.2251,-8.019690000000004
581.3775,-5.641600000000004
581.5299,-7.306979999999996
581.6823,-7.025320000000001
581.8347,-5.304610000000004
581.9871,-4.942049999999995
582.1395,-2.9773899999999998
582.2919,-2.898830000000004
582.4443,3.449310000000004
582.5967,5.918120000000002
582.7491,9.305
582.9015,5.0817499999999995
583.0539,6.024560000000001
583.2063,8.481169999999999
583.3587,6.8221400000000045
583.5111,7.282740000000004
583.6635,7.009009999999996
583.8159,8.541670000000003
583.9683,13.403730000000003
584.1207,12.197020000000002
584.2731,5.592950000000002
584.4255,1.255830000000003
584.5779,5.4417100000000005
584.7303,4.262770000000003
584.8827,5.0668700000000015
585.0351,6.622540000000001
585.1875,5.226869999999998
585.3399,-0.09393000000000029
585.4923,-2.1833799999999997
585.6447,-5.389629999999997
585.7971,-3.322250000000004
585.9495,3.88044
586.1019,7.899429999999995
586.2543,8.495429999999999
586.4067,9.316289999999995
586.5591,6.806129999999996
586.7115,6.611170000000001
586.8639,6.619869999999999
587.0163,4.554699999999997
587.1687,3.767960000000002
587.3211,2.328090000000003
587.4735,6.819760000000002
587.6259,2.0540400000000005
587.7783,3.7046999999999954
587.9307,-0.8983699999999999
588.0831,-4.0022400000000005
588.2355,-0.9399200000000008
588.3879,7.26052
588.5403,9.876289999999997
588.6927,15.94961
588.8451,12.490559999999995
588.9975,10.763439999999996
589.1499,5.81262000000001
589.3023,8.366299999999995
589.4547,8.550399999999996
589.6071,9.670500000000004
589.7595,11.072709999999994
589.9119,8.010840000000002
590.0643,7.899279999999997
590.2167,6.845189999999995
590.3691,7.211329999999997
590.5215,2.7628699999999995
590.6739,6.597850000000001
590.8263,7.05151
590.9787,8.68448
591.1311,10.170629999999996
591.2835,2.57705
591.4359,-1.8109699999999975
591.5883,-7.275689999999997
591.7407,-10.178899999999999
591.8931,-10.528449999999992
592.0455,-8.709149999999994
592.1979,-6.520920000000004
592.3503,-14.614349999999995
592.5027,-16.57045999999999
592.6551,-16.149590000000003
592.8075,-15.448579999999993
592.9599,-11.078130000000002
593.1123,-11.457179999999994
593.2647,-10.990139999999997
593.4171,-7.020379999999996
593.5695,-5.271129999999999
593.7219,-6.239520000000006
593.8743,-13.753
594.0267,-14.532560000000004
594.1791,-14.080839999999995
594.3315,-6.736909999999995
594.4839,-7.5164899999999975
594.6363,-10.03754
594.7887,-14.160320000000006
594.9411,-13.369309999999999
595.0935,-17.914500000000004
595.2459,-16.505360000000003
595.3983,-11.854480000000002
595.5507,-7.371260000000007
595.7031,-4.30397
595.8555,-2.0831000000000017
596.0079,2.725990000000003
596.1603,7.609019999999994
596.3127,12.510150000000003
596.4651,7.4907499999999985
596.6175,6.415319999999994
596.7699,6.2262600000000035
596.9223,11.011490000000002
597.0747,11.11094
597.2271,11.117399999999996
597.3795,6.936070000000001
597.5319,2.781320000000001
597.6843,2.5475199999999987
597.8367,1.7045100000000062
597.9891,-0.10721000000000203
598.1415,3.0379000000000005
598.2939,1.8838300000000032
598.4463,-0.6191400000000016
598.5987,-4.600339999999996
598.7511,-6.67991
598.9035,-7.17371
599.0559,-11.270560000000003
599.2083,-10.019569999999995
599.3607,-10.923700000000004
599.5131,-6.935299999999998
599.6655,-3.927349999999997
599.8179,-0.215209999999999
599.9703,2.47569
600.1227,5.8533100000000005
600.2751,9.230089999999997
600.4275,8.231609999999996
600.5799,13.141619999999996
600.7323,14.35174
600.8847,13.802319999999995
601.0371,10.952390000000001
601.1895,7.66151
601.3419,5.68403
601.4943,4.780280000000005
601.6467,7.046549999999996
601.7991,1.4704199999999972
601.9515,-3.38467
602.1039,-7.260730000000002
602.2563,-12.141680000000001
602.4087,-13.676459999999999
602.5611,-12.04034
602.7135,-11.166510000000002
602.8659,-13.020540000000004
603.0183,-12.520420000000001
603.1707,-12.90251
603.3231,-15.527279999999998
603.4755,-10.846829999999997
603.6279,-8.168039999999998
603.7803,-5.377929999999999
603.9327,0.4285500000000013
604.0851,-0.44395000000000095
604.2375,-0.20707000000000164
604.3899,-1.488190000000003
604.5423,-3.5071399999999997
604.6947,-8.913809999999998
604.8471,-2.983539999999998
604.9995,3.9539000000000044
605.1519,8.134420000000006
605.3043,11.539989999999996
605.4567,13.145049999999998
605.6091,11.250479999999996
605.7615,13.033650000000002
605.9139,15.666450000000005
606.0663,17.89588
606.2187,15.187530000000002
606.3711,16.280879999999996
606.5235,10.315839999999994
606.6759,7.090449999999997
606.8283,2.2701700000000002
606.9807,2.9794199999999975
607.1331,5.960439999999998
607.2855,6.1935199999999995
607.4379,6.819409999999998
607.5903,11.007869999999997
607.7427,16.397060000000003
607.8951,17.27136
608.0475,16.9
608.1999,14.925219999999996
608.3523,10.15088
608.5047,5.687570000000001
608.6571,2.7341300000000004
608.8095,-1.8925699999999992
608.9619,-5.061240000000005
609.1143,-11.28586
609.2667,-8.734099999999998
609.4191,-10.922939999999997
609.5715,-9.230649999999997
609.7239,-10.817279999999997
609.8763,-9.737300000000005
610.0287,-14.642439999999993
610.1811,-21.106389999999998
610.3335,-21.78745
610.4859,-20.028569999999995
610.6383,-19.36477
610.7907,-17.0308
610.9431,-17.243969999999997
611.0955,-17.82333
611.2479,-18.621380000000002
611.4003,-15.605139999999999
611.5527,-9.3825
611.7051,-5.675319999999999
611.8575,-2.226779999999998
612.0099,-9.087699999999998
612.1623,-11.118469999999995
612.3147,-17.457340000000002
612.4671,-17.38409
612.6195,-17.324799999999996
612.7719,-15.66115
612.9243,-12.71913
613.0767,-13.490700000000004
613.2291,-7.262240000000006
613.3815,-5.413449999999997
613.5339,-2.5153000000000034
613.6863,-1.4732100000000017
613.8387,-0.37566000000000344
613.9911,-1.226380000000006
614.1435,-2.912620000000004
614.2959,0.2724800000000016
614.4483,2.9735099999999974
614.6007,1.9548500000000004
614.7531,0.19530000000000314
614.9055,-2.612880000000004
615.0579,1.6404100000000028
615.2103,3.614049999999999
615.3627,7.334040000000002
615.5151,2.7942600000000013
615.6675,2.8542799999999957
615.8199,1.6139299999999963
615.9723,1.8220400000000012
616.1247,4.378689999999999
616.2771,4.862540000000003
616.4295,5.6402
616.5819,4.772440000000003
616.7343,3.3415700000000044
616.8867,2.180970000000002
617.0391,5.63908
617.1915,13.788330000000002
617.3439,18.74472
617.4963,19.054850000000002
617.6487,16.58768
617.8011,18.278640000000003
617.9535,15.859360000000002
618.1059,18.393909999999998
618.2583,20.04643
618.4107,20.766280000000002
618.5631,23.503549999999997
618.7155,24.287770000000002
618.8679,27.83947
619.0203,27.029199999999996
619.1727,24.72144
619.3251,22.071150000000003
619.4775,19.448410000000003
619.6299,20.41462
619.7823,20.97446
619.9347,20.363889999999998
620.0871,15.098800000000004
620.2395,4.775210000000001
620.3919,-1.9737299999999962
620.5443,-5.7890099999999975
620.6967,-6.735289999999999
620.8491,-11.04048000000001
621.0015,-8.083260000000003
621.1539,-6.90399
621.3063,-0.6872300000000067
621.4587,-0.9618800000000078
621.6111,-0.035329999999994754
621.7635,-0.22283999999999793
621.9159,-1.7295200000000008
622.0683,0.9199300000000079
622.2207,-0.3367199999999997
622.3731,1.7619800000000012
622.5255,4.924029999999995
622.6779,4.239129999999996
622.8303,4.091529999999992
622.9827,0.4575399999999945
623.1351,-1.3524500000000046
623.2875,-1.6241900000000058
623.4399,-2.8705700000000007
623.5923,-3.1226100000000017
623.7447,-4.89687
623.8971,-3.320539999999994
624.0495,-4.0478999999999985
624.2019,-9.419229999999999
624.3543,-16.4047
624.5067,-19.789559999999994
624.6591,-17.451190000000004
624.8115,-19.013180000000006
624.9639,-24.743609999999997
625.1163,-29.8056
625.2687,-28.307450000000003
625.4211,-26.647280000000002
625.5735,-23.108149999999995
625.7259,-22.38084
625.8783,-23.276659999999993
626.0307,-21.217619999999997
626.1831,-16.134339999999995
626.3355,-10.867099999999994
626.4879,-7.166150000000002
626.6403,-4.248910000000002
626.7927,-2.9732100000000017
626.9451,-1.7334999999999994
627.0975,-5.976489999999998
627.2499,-6.7203599999999994
627.4023,-8.293369999999996
627.5547,-8.262460000000004
627.7071,-9.417589999999997
627.8595,-7.669309999999996
628.0119,-5.724589999999999
628.1643,-5.643660000000004
628.3167,-2.6192299999999946
628.4691,-3.285270000000004
628.6215,-8.365090000000002
628.7739,-7.177129999999998
628.9263,-1.367750000000001
629.0787,4.746450000000003
629.2311,7.944289999999995
629.3835,7.551549999999999
629.5359,10.107909999999997
629.6883,8.094230000000003
629.8407,11.23845
629.9931,9.160259999999994
630.1455,14.71734
630.2979,18.06022
630.4503,18.558499999999995
630.6027,20.0257
630.7551,19.312240000000003
630.9075,23.113619999999997
631.0599,26.399659999999997
631.2123,26.79289
631.3647,26.49042
631.5171,26.631610000000002
631.6695,25.62885
631.8219,22.12912
631.9743,18.088459999999998
632.1267,15.378549999999997
632.2791,8.098120000000002
632.4315,-0.06302000000000163
632.5839,-12.553729999999995
632.7363,-12.41534
632.8887,-11.61544
633.0411,-13.11103
633.1935,-11.784199999999998
633.3459,-11.29797
633.4983,-7.852679999999999
633.6507,-2.979459999999996
633.8031,1.0442099999999996
633.9555,-0.6679099999999991
634.1079,-3.12097
634.2603,-3.0823800000000006
634.4127,-8.394130000000004
634.5651,-9.736049999999999
634.7175,-2.951839999999997
634.8699,-4.371000000000002
635.0223,-6.367139999999999
635.1747,-15.56308
635.3271,-11.253149999999998
635.4795,-5.0899
635.6319,1.1380300000000005
635.7843,-4.1578599999999994
635.9367,-11.677909999999997
636.0891,-10.853349999999999
636.2415,-11.9067
636.3939,-12.88756
636.5463,-13.242559999999997
636.6987,-19.559180000000005
636.8511,-23.47484
637.0035,-26.17675
637.1559,-23.79687
637.3083,-21.33921
637.4607,-11.817839999999997
637.6131,-8.194160000000004
637.7655,-10.19576
637.9179,-4.758119999999998
638.0703,2.3541900000000027
638.2227,10.76905
638.3751,11.476279999999996
638.5275,9.120069999999998
638.6799,13.010969999999993
638.8323,16.456519999999998
638.9847,20.606409999999997
639.1371,20.24955
639.2895,18.13422
639.4419,16.871489999999994
639.5943,11.603639999999999
639.7467,7.640080000000005
639.8991,2.2516399999999948
640.0515,0.02237999999999829
640.2039,-1.4986700000000006
640.3563,-2.214269999999999
640.5087,-6.5936300000000045
640.6611,-8.67906
640.8135,-10.990120000000005
640.9659,-12.10042
641.1183,-16.49657
641.2707,-15.173940000000002
641.4231,-14.886199999999995
641.5755,-8.822020000000002
641.7279,-9.467869999999998
641.8803,-2.599579999999996
642.0327,2.142720000000004
642.1851,4.000730000000004
642.3375,6.726419999999997
642.4899,10.244700000000002
642.6423,16.038690000000003
642.7947,20.92926
642.9471,20.301740000000002
643.0995,23.130160000000004
643.2519,22.88547
643.4043,21.168730000000004
643.5567,19.799960000000006
643.7091,12.861140000000006
643.8615,10.508590000000005
644.0139,4.166159999999998
644.1663,0.7365299999999948
644.3187,-5.066469999999995
644.4711,-4.442599999999999
644.6235,-5.8991299999999995
644.7759,-7.153729999999996
644.9283,-10.220020000000005
645.0807,-13.786820000000006
645.2331,-15.142000000000003
645.3855,-16.619059999999998
645.5379,-17.555509999999998
645.6903,-16.147060000000003
645.8427,-13.444479999999999
645.9951,-4.137619999999998
646.1475,-10.319220000000001
646.2999,-10.378900000000002
646.4523,-8.151020000000003
646.6047,-7.14387
646.7571,0.9465399999999988
646.9095,1.6658099999999934
647.0619,4.992519999999999
647.2143,4.497140000000002
647.3667,6.23386
647.5191,3.7609899999999996
647.6715,2.988800000000005
647.8239,7.838789999999996
647.9763,11.748930000000001
648.1287,10.213680000000004
648.2811,12.668550000000003
648.4335,14.11578
648.5859,14.0488
648.7383,13.577960000000004
648.8907,13.202219999999997
649.0431,10.68741
649.1955,18.82479
649.3479,18.286120000000004
649.5003,15.166240000000002
649.6527,11.148299999999999
649.8051,8.410319999999999
649.9575,8.93468
650.1099,5.496280000000006
650.2623,4.862909999999999
650.4147,0.14809999999999945
650.5671,-3.836440000000003
650.7195,-7.374380000000002
650.8719,-11.780279999999998
651.0243,-13.390099999999997
651.1767,-14.711930000000002
651.3291,-14.593220000000002
651.4815,-17.1023
651.6339,-18.60792
651.7863,-22.362390000000005
651.9387,-21.84957
652.0911,-16.5995
652.2435,-14.18535
652.3959,-14.682070000000003
652.5483,-21.111870000000003
652.7007,-23.626960000000004
652.8531,-23.06308
653.0055,-21.769679999999994
653.1579,-19.3675
653.3103,-14.596779999999995
653.4627,-10.88485
653.6151,-7.315460000000002
653.7675,-7.330020000000001
653.9199,-9.210540000000002
654.0723,-14.78078
654.2247,-12.328529999999997
654.3771,-13.07575
654.5295,-14.104300000000002
654.6819,-12.35399
654.8343,-11.843649999999997
654.9867,-14.347850000000001
655.1391,-20.422510000000003
655.2915,-24.882540000000002
655.4439,-23.44215
655.5963,-15.297439999999998
655.7487,-8.972489999999997
655.9011,-8.120280000000001
656.0535,-8.757490000000004
656.2059,-7.450500000000002
656.3583,-8.557760000000002
656.5107,-5.335190000000001
656.6631,-4.0077599999999975
656.8155,1.2564600000000006
656.9679,3.7675100000000015
657.1203,5.399699999999996
657.2727,3.3460199999999993
657.4251,1.1813399999999987
657.5775,0.25594999999999857
657.7299,-3.8877500000000005
657.8823,-6.096400000000003
658.0347,-7.303519999999999
658.1871,-7.866699999999998
658.3395,-6.242259999999998
658.4919,-7.085479999999997
658.6443,-6.495059999999999
658.7967,-7.14667
658.9491,-6.358650000000001
659.1015,-6.301130000000001
659.2539,-4.990540000000003
659.4063,-3.051160000000003
659.5587,-1.1243400000000001
659.7111,-0.5281099999999981
659.8635,-2.3800199999999982
660.0159,-4.748709999999999
660.1683,-6.116129999999998
660.3207,-4.2231200000000015
660.4731,-2.210169999999998
660.6255,-0.6697399999999973
660.7779,0.6714200000000012
660.9303,2.7149500000000018
661.0827,2.0262600000000006
661.2351,2.6560299999999977
661.3875,2.0117499999999993
661.5399,4.812929999999998
661.6923,6.08503
661.8447,8.804209999999998
661.9971,8.67181
662.1495,9.229560000000003
662.3019,7.98677
662.4543,6.454220000000003
662.6067,2.9191199999999995
662.7591,1.0887199999999986
662.9115,-3.0371699999999997
663.0639,-3.716630000000002
663.2163,-3.0664199999999973
663.3687,-1.7643899999999988
663.5211,-1.81644
663.6735,-1.0001999999999995
663.8259,0.752089999999999
663.9783,2.9077599999999997
664.1307,5.0966999999999985
664.2831,4.528649999999999
664.4355,4.20439
664.5879,2.938089999999999
664.7403,1.8999699999999997
664.8927,-0.696399999999997
665.0451,-2.0299000000000014
665.1975,-2.7097900000000017
665.3499,-3.8661899999999996
665.5023,-4.885570000000001
665.6547,-6.365259999999999
665.8071,-6.1618400000000015
665.9595,-4.492820000000002
666.1119,-3.372530000000001
666.2643,-2.40466
666.4167,-3.0416500000000006
666.5691,-1.3572500000000005
666.7215,0.28293999999999997
666.8739,-0.45870999999999995
667.0263,-1.707650000000001
667.1787,-1.1073099999999982
667.3311,-0.723869999999998
667.4835,0.7176100000000005
667.6359,-0.49136999999999986
667.7883,-1.5175799999999988
667.9407,-2.5309600000000003
668.0931,-2.3372199999999985
668.2455,-2.191679999999998
668.3979,-3.5184399999999982
668.5503,-4.920079999999999
668.7027,-4.584620000000001
668.8551,-3.222859999999997
669.0075,-2.0587300000000006
669.1599,-4.4086099999999995
669.3123,-5.628960000000003
669.4647,-7.229699999999999
669.6171,-7.792070000000001
669.7695,-9.726860000000002
669.9219,-8.65821
670.0743,-8.026829999999999
670.2267,-5.886800000000001
670.3791,-4.9918499999999995
670.5315,-5.023410000000002
670.6839,-2.90034
670.8363,1.0543999999999976
670.9887,3.349029999999999
671.1411,4.458410000000001
671.2935,3.7078399999999974
671.4459,4.4521799999999985
671.5983,6.564419999999998
671.7507,7.201420000000002
671.9031,5.27544
672.0555,2.6470200000000013
672.2079,4.25271
672.3603,4.39752
672.5127,5.257589999999999
672.6651,5.5468199999999985
672.8175,5.756319999999999
672.9699,4.855529999999998
673.1223,1.6535600000000006
673.2747,-2.146609999999999
673.4271,-4.261450000000002
673.5795,-6.4907900000000005
673.7319,-8.359679999999999
673.8843,-11.45308
674.0367,-12.81545
674.1891,-14.092690000000001
674.3415,-14.271239999999999
674.4939,-13.8012
674.6463,-15.22582
674.7987,-13.676490000000001
674.9511,-10.535120000000001
675.1035,-6.294530000000002
675.2559,-3.07939
675.4083,-1.8280399999999979
675.5607,-0.8774899999999981
675.7131,-2.1003299999999996
675.8655,-1.301129999999997
676.0179,0.8132700000000028
676.1703,2.7631099999999975
676.3227,3.055250000000001
676.4751,3.844289999999999
676.6275,4.124020000000002
676.7799,5.639180000000001
676.9323,4.676079999999999
677.0847,3.4557599999999997
677.2371,2.3351000000000006
677.3895,0.9445200000000007
677.5419,0.9198500000000003
677.6943,-0.17714999999999925
677.8467,-1.3174799999999998
677.9991,-3.295210000000001
678.1515,-4.052879999999998
678.3039,-4.25535
678.4563,-6.209790000000002
678.6087,-6.58461
678.7611,-5.49583
678.9135,-4.462680000000001
679.0659,-5.128490000000001
679.2183,-3.4978099999999976
679.3707,0.529519999999998
679.5231,3.182820000000003
679.6755,3.5649999999999977
679.8279,1.1135400000000004
679.9803,-0.7468799999999973
680.1327,0.5194800000000015
680.2851,2.089079999999999
680.4375,5.725089999999998
680.5899,6.57119
680.7423,7.663540000000001
680.8947,6.39892
681.0471,5.50708
681.1995,4.852679999999999
681.3519,3.700890000000001
681.5043,6.902830000000002
681.6567,8.44506
681.8091,9.103400000000002
681.9615,6.97921
682.1139,7.977379999999998
682.2663,6.514119999999998
682.4187,3.03641
682.5711,2.5670699999999975
682.7235,3.118030000000001
682.8759,5.006989999999998
683.0283,5.1715199999999975
683.1807,5.040709999999997
683.3331,6.05547
683.4855,5.614550000000001
683.6379,7.890029999999999
683.7903,8.303439999999998
683.9427,8.811209999999999
684.0951,8.858799999999999
684.2475,9.029129999999999
684.3999,8.86129
684.5523,8.00949
684.7047,8.879369999999998
684.8571,4.620019999999997
685.0095,5.429019999999998
685.1619,2.8476300000000023
685.3143,4.124040000000001
685.4667,2.586970000000001
685.6191,1.6956600000000002
685.7715,0.9946900000000021
685.9239,-0.3790200000000006
686.0763,1.893150000000002
686.2287,3.57217
686.3811,4.024170000000002
686.5335,4.196650000000002
686.6859,1.2066400000000002
686.8383,0.577300000000001
686.9907,1.1556500000000014
687.1431,1.832370000000001
687.2955,0.4651500000000013
687.4479,-0.9486000000000026
687.6003,-1.5863000000000014
687.7527,-3.621369999999999
687.9051,-1.1402499999999982
688.0575,-1.6941399999999973
688.2099,-1.7018500000000003
688.3623,-1.2770499999999991
688.5147,2.860009999999999
688.6671,3.97316
688.8195,2.8643199999999993
688.9719,2.8463700000000003
689.1243,1.9621600000000008
689.2767,1.6536700000000017
689.4291,-0.4259500000000003
689.5815,-1.0729500000000023
689.7339,-3.2856099999999984
689.8863,-2.349170000000001
690.0387,-2.260300000000001
690.1911,-2.3349399999999996
690.3435,-2.908290000000001
690.4959,-1.7458799999999997
690.6483,-1.0955099999999973
690.8007,-1.7490300000000012
690.9531,-0.028719999999999857
691.1055,1.5344199999999972
691.2579,4.158649999999998
